1000
1 70
0 70
1 50
1 36
1 6
1 97
1 13
0 50
1 51
1 14
0 14
0 36
1 55
0 97
0 13
0 6
1 37
0 37
0 55
0 51
1 82
0 82
1 45
1 43
0 43
1 95
1 71
0 95
1 24
1 44
0 71
0 44
1 31
0 45
0 24
0 31
1 59
0 59
1 60
1 85
0 60
0 85
1 45
0 45
1 1
1 52
1 25
0 25
0 1
1 74
0 52
1 16
0 74
0 16
1 42
1 46
1 36
1 94
0 36
1 64
0 94
0 64
1 65
1 99
0 65
1 34
0 99
1 68
0 68
0 42
1 73
1 88
1 67
1 47
0 67
0 46
0 47
0 73
1 25
1 35
1 16
0 88
0 34
1 22
0 16
0 22
1 17
1 21
1 26
1 93
1 61
1 22
0 61
1 65
1 66
0 21
1 67
0 93
1 75
0 35
0 22
0 75
0 66
1 53
1 27
1 66
1 15
1 18
1 51
0 27
1 68
0 17
1 72
1 27
1 37
1 80
1 23
0 65
0 26
1 17
1 58
1 34
0 37
1 5
0 27
0 18
0 72
1 90
0 66
1 81
0 23
1 46
1 16
0 90
0 16
0 68
0 58
0 51
0 17
1 98
1 59
0 81
1 63
1 55
1 21
0 34
1 40
0 53
1 77
1 6
1 78
0 40
1 41
0 15
0 5
1 40
0 80
0 46
1 32
1 4
1 51
0 4
0 77
0 51
1 22
0 40
0 32
1 97
0 67
0 22
1 9
0 63
0 98
1 52
1 79
1 26
0 26
1 80
1 45
0 6
1 12
1 8
1 81
0 97
0 21
0 55
0 79
0 45
1 26
0 41
0 9
1 31
0 52
0 59
0 78
1 27
0 80
0 25
0 31
1 28
0 28
1 57
0 27
0 12
1 86
0 57
0 26
1 75
0 8
0 75
1 72
0 86
1 30
1 1
0 30
1 89
1 36
0 72
1 44
0 36
1 24
0 1
1 60
0 60
1 88
1 36
1 6
1 49
1 75
1 50
0 36
1 11
0 6
0 24
1 53
1 36
0 75
1 76
1 65
0 53
1 53
0 81
1 97
0 89
0 36
0 76
1 3
1 1
1 82
0 1
0 3
0 49
1 28
1 5
0 88
1 16
0 53
0 44
1 51
0 11
0 65
1 6
1 56
0 50
1 80
1 10
0 6
0 28
0 5
1 84
1 68
1 30
0 84
1 5
1 23
0 82
1 36
0 23
1 85
0 85
1 93
0 56
0 51
0 30
1 98
1 51
1 26
0 26
1 71
1 40
1 6
1 47
1 18
1 69
0 97
0 98
0 16
1 73
1 88
1 70
0 73
0 88
0 18
1 91
0 71
0 10
1 100
0 36
0 93
0 40
1 46
1 99
0 68
1 57
0 70
1 52
0 6
1 61
0 80
0 47
1 50
1 44
1 60
1 47
1 31
1 53
0 50
1 16
1 83
0 31
0 69
1 74
0 5
1 58
0 74
0 91
0 58
1 21
1 77
1 68
0 16
0 51
0 60
0 61
1 8
1 66
0 100
0 99
0 53
0 83
1 5
1 54
1 74
0 52
1 94
0 47
1 62
1 73
0 54
0 5
1 58
1 13
1 80
1 27
0 46
1 54
0 62
1 62
1 63
0 94
1 33
0 62
0 13
0 33
1 56
1 12
1 75
0 57
0 56
0 80
1 33
1 95
0 73
0 21
0 77
0 95
1 40
0 54
0 33
1 32
1 11
1 67
1 52
1 10
0 63
1 19
1 39
0 58
0 32
1 28
1 18
0 8
1 76
1 5
1 53
1 77
1 45
1 17
0 40
0 27
0 11
1 50
0 66
0 68
1 81
0 45
0 10
1 96
1 25
1 97
0 44
0 75
0 19
1 48
0 18
0 74
0 39
0 96
0 28
1 45
0 77
1 54
0 52
0 76
0 81
1 100
0 17
0 5
0 50
0 12
1 5
1 32
1 69
1 3
1 13
1 34
0 32
1 42
1 30
1 74
0 42
1 83
0 53
1 56
1 31
1 17
0 5
0 13
1 72
1 18
1 63
0 48
1 6
0 25
1 38
0 74
0 72
1 64
0 67
1 5
0 45
0 18
1 75
0 30
1 90
0 97
0 69
1 10
0 3
1 35
1 55
0 35
0 38
0 54
1 98
1 36
1 69
0 34
0 5
0 55
0 17
1 39
0 39
1 74
0 64
0 74
0 98
0 75
1 53
0 36
0 83
1 9
1 78
0 78
0 69
1 99
1 55
1 84
1 82
0 31
0 10
0 90
1 50
1 83
0 50
1 15
1 44
0 15
1 89
0 82
1 62
0 56
0 84
0 55
1 1
0 53
1 86
1 95
1 64
0 89
1 93
1 17
1 34
1 84
0 44
1 66
0 6
0 100
1 87
0 66
0 83
0 87
0 1
0 9
1 83
0 64
0 95
1 88
0 84
1 26
1 85
1 39
1 48
0 85
1 91
0 93
0 83
1 29
0 48
0 26
1 81
0 17
0 86
1 7
1 47
1 64
1 48
1 16
1 51
1 27
1 4
1 2
1 26
0 99
1 32
1 80
0 62
0 88
0 63
1 54
0 91
0 34
1 65
1 92
1 90
0 47
1 100
1 57
1 82
1 95
0 51
1 33
0 81
1 49
0 39
0 95
1 17
0 100
0 64
0 57
0 90
0 49
1 28
0 48
0 65
1 10
0 26
1 39
1 68
0 2
1 84
0 27
1 59
1 77
0 39
0 84
0 7
0 16
1 47
0 59
0 47
0 33
0 17
1 83
1 58
0 29
0 54
0 10
1 3
0 4
0 58
1 4
0 68
0 77
0 3
1 6
0 82
0 83
0 6
1 39
0 92
0 80
1 80
1 99
0 4
1 23
0 39
1 73
1 87
1 57
1 77
1 49
1 44
0 44
0 57
1 2
0 2
1 68
1 30
1 72
0 23
1 12
0 28
1 50
0 72
0 30
1 56
0 73
0 12
0 87
0 50
0 49
1 73
0 73
1 19
0 19
1 70
1 94
0 68
0 32
0 56
0 94
0 77
1 88
1 33
0 99
0 33
1 23
0 80
0 88
1 4
0 4
0 70
1 38
1 20
1 43
1 94
0 38
0 23
1 87
0 94
0 20
0 43
1 24
1 88
1 43
0 24
0 43
0 88
0 87
1 14
0 14
1 75
1 8
0 8
0 75
1 55
1 94
0 55
0 94
1 39
1 95
1 99
0 39
0 99
1 65
1 90
1 79
1 61
0 79
0 95
1 96
0 61
1 16
0 16
0 96
0 65
0 90
1 71
1 25
1 2
0 25
1 12
0 2
0 71
0 12
1 59
0 59
1 14
0 14
1 61
1 50
0 61
0 50
1 36
1 38
1 15
0 38
0 36
0 15
1 21
1 17
0 17
1 69
0 21
0 69
1 80
1 29
0 29
1 5
0 5
0 80
1 88
1 3
0 3
0 88
1 72
1 98
0 98
0 72
1 28
1 34
0 34
1 22
0 28
1 57
0 57
1 99
0 22
1 48
0 48
0 99
1 33
1 59
1 49
0 49
1 46
1 4
1 61
0 59
0 33
1 8
0 4
0 61
1 50
1 73
0 73
0 46
0 50
0 8
1 91
1 100
1 71
0 91
0 71
0 100
1 14
1 47
1 99
0 47
0 14
1 35
1 21
0 21
1 92
0 92
1 78
1 79
0 79
1 63
0 35
1 1
0 78
1 67
0 99
1 25
1 85
0 63
1 75
1 69
1 55
0 75
0 25
0 1
1 98
1 65
0 65
0 85
1 29
0 67
1 80
0 69
1 17
0 55
0 98
0 29
1 49
1 62
1 59
1 85
0 59
1 2
1 28
0 85
0 28
0 17
1 61
0 61
1 18
0 18
0 62
0 49
1 17
1 48
1 54
1 81
1 50
1 42
1 13
1 56
1 31
0 48
0 2
1 23
0 31
0 56
0 17
1 41
0 54
0 41
0 13
0 23
0 80
1 87
0 50
0 42
1 83
0 83
1 35
1 62
1 25
1 72
1 56
0 87
0 72
1 97
0 62
0 25
1 87
1 100
1 99
0 97
0 99
0 87
0 81
0 56
0 100
0 35
1 15
0 15
1 84
0 84
1 12
1 100
1 21
0 12
1 90
1 78
1 61
1 20
1 41
1 83
1 2
0 21
0 90
0 100
1 97
0 20
1 48
1 50
0 83
1 83
0 78
1 84
0 2
0 48
1 6
1 27
1 2
1 22
0 50
1 98
0 61
1 9
1 58
0 2
1 7
1 88
1 14
1 57
1 23
0 84
0 57
0 22
1 57
1 3
0 3
0 7
1 73
0 73
1 78
0 98
1 32
0 41
1 63
0 23
0 97
1 91
0 58
0 88
0 91
1 10
1 33
1 37
0 37
1 15
1 34
1 4
0 83
1 22
1 73
0 6
0 63
1 5
1 41
1 55
0 34
1 21
0 14
1 2
