1000
1 55
1 3
1 78
1 87
1 69
1 47
1 17
0 87
0 47
0 69
0 3
0 55
0 17
0 78
1 48
0 48
1 26
1 89
1 51
1 6
1 23
0 89
0 26
0 51
0 6
1 50
0 50
0 23
1 89
0 89
1 38
1 95
1 41
0 95
0 41
0 38
1 90
1 36
1 22
0 22
1 40
0 90
0 40
1 32
0 32
1 94
0 36
1 3
1 30
1 72
1 70
0 30
0 72
1 100
1 90
0 70
1 53
1 16
1 22
0 16
0 53
0 90
1 68
1 5
0 100
1 67
0 3
0 5
1 16
1 10
1 15
0 68
0 67
0 10
1 10
0 16
0 10
1 3
1 25
1 65
1 8
0 22
1 24
0 15
1 52
0 8
0 52
1 26
0 24
1 47
0 94
1 98
0 3
0 65
0 98
1 74
1 81
1 19
1 9
1 1
1 62
0 81
0 47
1 91
0 91
1 31
1 66
1 17
0 74
0 17
0 19
0 26
1 82
0 62
0 9
1 2
0 31
0 66
0 2
0 25
0 82
1 8
1 78
1 5
1 50
0 5
1 89
0 50
0 89
0 78
1 43
1 40
0 43
1 35
1 24
0 8
1 89
1 15
0 24
1 79
1 47
1 92
0 92
0 15
0 89
1 74
1 82
1 38
1 81
1 51
0 82
0 51
1 88
1 89
0 40
0 47
0 81
1 95
0 79
0 1
0 88
0 74
1 82
1 81
0 35
1 69
1 13
0 13
0 82
0 69
0 38
1 70
1 92
0 81
1 51
1 46
0 70
0 51
0 95
0 92
0 89
0 46
1 60
0 60
1 67
0 67
1 47
1 65
1 22
1 32
1 69
1 40
0 69
1 83
0 40
1 4
0 47
1 66
1 14
0 32
0 66
0 22
1 63
1 71
1 81
0 81
1 100
0 100
0 63
0 83
0 4
1 86
1 51
0 14
1 60
1 64
1 93
1 94
0 86
1 43
0 43
1 19
0 51
0 65
1 32
1 15
0 94
0 15
1 70
1 86
1 91
0 32
1 34
0 60
0 70
1 95
1 38
0 19
1 32
1 65
1 80
1 81
1 73
1 67
0 67
1 76
0 64
0 93
0 86
1 36
0 65
0 81
0 32
1 55
1 44
0 38
0 44
0 36
0 95
1 3
1 67
1 98
0 71
1 89
0 98
0 76
0 73
1 41
0 91
1 96
1 99
0 80
0 41
1 4
0 67
1 5
1 24
1 98
1 22
0 5
0 34
0 22
1 44
1 32
0 98
0 44
0 4
1 25
0 25
0 99
0 96
1 63
0 24
1 36
0 55
0 36
0 63
0 89
0 3
1 30
1 88
0 30
1 49
1 13
1 56
1 58
0 13
0 88
0 32
0 58
1 93
1 1
0 56
0 93
0 1
1 23
1 60
1 45
1 46
0 49
1 71
0 23
1 72
0 71
0 60
1 48
1 6
0 46
1 31
0 31
0 72
0 48
0 45
0 6
1 37
0 37
1 50
1 57
0 50
1 8
1 48
1 37
0 8
1 38
0 48
1 55
1 54
1 90
0 55
0 54
1 24
1 17
0 57
0 38
1 54
0 54
1 79
0 79
1 54
1 67
1 11
0 67
0 17
0 54
0 11
0 37
1 60
0 90
0 60
1 97
1 11
1 75
1 35
0 11
1 18
0 75
0 18
0 97
1 6
1 22
0 22
1 54
1 48
1 1
1 60
1 84
1 55
1 56
1 64
0 56
0 64
1 72
1 22
1 32
0 48
0 54
0 60
1 7
0 22
1 56
1 17
1 97
0 35
1 64
0 97
1 38
1 48
0 84
0 56
0 1
0 55
1 25
1 47
1 36
1 83
0 7
0 6
1 26
0 24
0 38
0 36
1 14
0 48
1 44
1 27
1 15
0 15
1 36
0 36
1 19
1 29
0 44
1 9
1 91
1 100
1 11
0 29
0 14
1 97
1 81
1 84
0 91
1 52
1 95
1 96
1 98
0 19
0 27
0 100
1 24
0 17
1 58
0 95
0 11
1 34
1 70
0 25
1 44
1 30
0 98
1 66
1 6
0 6
1 69
0 26
1 85
1 59
1 31
0 44
0 66
1 94
1 73
1 86
0 81
0 64
0 70
0 47
1 23
1 54
1 95
1 33
1 1
1 60
1 5
1 44
0 85
0 69
1 43
0 94
0 32
0 1
0 97
1 8
0 59
0 33
1 32
0 60
0 23
1 70
0 24
0 32
1 36
0 36
1 53
0 43
0 9
0 58
1 27
1 40
0 8
1 23
0 84
1 98
0 72
1 87
1 59
1 92
1 71
1 29
1 4
1 43
0 71
0 34
1 55
1 99
1 100
0 59
1 85
1 37
1 32
0 37
0 43
0 73
1 93
1 88
0 40
0 55
1 2
1 94
1 1
0 53
0 27
0 86
1 22
1 13
1 59
0 29
1 91
0 98
0 22
1 77
1 3
1 73
0 92
1 48
0 5
0 91
1 71
1 46
0 83
0 46
1 5
0 54
0 44
0 59
1 6
0 30
1 14
1 83
0 52
0 87
1 18
1 86
0 4
1 81
0 100
1 61
0 96
1 96
0 77
1 9
0 86
1 15
1 16
0 13
0 83
1 11
1 8
0 1
1 25
0 31
0 99
0 95
0 61
1 83
1 33
1 43
0 83
1 40
1 34
1 77
0 77
1 82
1 51
1 47
1 26
1 28
1 63
1 4
1 61
0 11
1 10
0 28
0 51
1 53
1 24
1 83
1 60
1 97
0 4
0 3
1 62
1 64
1 35
0 14
0 15
1 65
1 1
0 48
0 61
0 62
1 36
0 64
0 6
0 35
1 21
0 97
0 40
1 80
1 97
0 53
1 72
1 90
1 79
1 17
0 97
1 59
0 21
0 81
1 61
1 45
1 95
1 27
0 45
0 23
1 84
0 96
1 41
0 2
1 28
0 71
0 10
1 29
1 92
1 66
1 96
1 81
1 74
1 71
0 96
0 18
0 84
1 62
1 39
0 90
0 33
1 18
1 3
0 29
0 80
0 3
1 86
0 72
0 36
0 73
1 80
0 70
0 5
1 84
0 86
1 96
0 62
1 38
1 29
0 9
0 18
1 30
0 61
1 36
0 74
1 15
0 17
0 60
0 34
0 41
1 2
1 31
0 26
0 30
1 61
1 45
0 79
0 84
1 67
0 25
0 82
0 32
0 28
1 49
0 49
0 85
0 29
1 82
0 47
0 88
1 33
0 59
1 37
1 44
0 83
1 9
0 94
1 78
0 39
0 92
1 7
0 1
0 31
0 37
0 45
0 16
0 33
1 68
1 57
0 63
0 61
0 67
0 38
1 83
0 27
0 8
1 53
1 5
0 36
0 96
1 72
1 30
0 80
1 3
0 57
0 15
0 65
0 5
0 71
1 77
1 27
0 78
0 68
1 97
1 50
1 100
1 23
0 30
1 88
1 37
1 67
1 68
0 44
0 23
1 80
0 37
0 53
1 64
0 24
1 85
0 97
1 12
1 33
0 67
1 4
0 2
0 64
0 95
1 35
1 94
0 72
1 31
1 1
1 45
1 29
1 74
1 91
1 10
1 28
0 94
1 84
1 98
0 66
0 31
1 34
1 86
1 23
1 36
0 36
0 98
1 25
1 61
0 29
1 71
0 88
1 5
0 43
0 4
0 68
1 94
1 65
0 83
0 84
0 3
1 66
1 60
1 22
0 71
0 77
0 100
0 12
0 27
0 10
1 46
1 83
1 99
1 90
1 52
1 26
1 98
0 7
1 62
0 5
0 90
0 91
1 79
1 51
0 62
0 86
1 84
0 23
1 31
1 10
1 47
0 1
1 71
1 53
1 68
0 94
1 73
0 26
1 24
1 54
0 31
1 11
1 75
1 18
0 81
1 26
0 73
1 72
1 2
1 21
0 26
1 48
1 4
0 11
0 47
0 25
0 51
0 10
0 54
0 28
1 81
0 24
0 34
0 18
1 67
1 89
1 36
0 89
0 52
0 82
1 88
0 48
1 10
1 57
1 29
0 84
0 71
0 61
1 100
0 33
0 35
1 6
0 6
0 10
0 81
1 3
1 5
1 76
0 80
0 74
0 98
0 85
1 91
1 69
1 73
1 56
0 79
1 33
0 72
0 73
0 4
0 56
1 89
1 96
1 42
1 23
1 24
0 75
0 66
0 89
0 99
0 36
1 26
0 96
1 13
1 18
0 42
0 88
0 23
0 45
1 59
1 36
1 71
1 37
0 18
0 57
1 23
0 100
1 73
1 95
0 36
1 80
0 76
1 42
1 25
0 59
0 67
1 62
1 8
0 25
1 18
1 39
1 30
0 29
1 54
1 56
1 51
0 56
0 39
1 39
1 84
1 52
0 18
0 13
0 93
0 37
0 23
1 87
1 47
0 9
0 73
1 55
1 92
0 24
1 98
1 82
1 18
1 29
1 93
1 63
0 68
1 73
