1000
1 2
1 43
0 2
0 43
1 26
0 26
1 50
0 50
1 2
1 10
0 2
0 10
1 51
0 51
1 13
0 13
1 94
1 1
0 1
0 94
1 97
1 26
0 97
0 26
1 82
1 93
0 93
0 82
1 56
1 15
0 56
0 15
1 28
1 85
0 85
1 13
0 13
0 28
1 12
1 11
0 11
0 12
1 69
1 50
1 53
1 72
1 41
1 9
1 70
1 62
1 54
0 9
0 62
1 13
1 5
0 69
0 50
1 6
0 5
1 90
0 72
1 22
0 53
0 70
1 69
1 14
1 87
1 2
1 34
0 14
1 35
0 90
0 41
0 87
0 54
0 35
1 61
1 17
1 81
1 43
0 69
0 13
0 61
1 13
1 10
1 72
0 6
1 59
1 25
0 59
1 67
1 95
0 43
0 17
1 58
0 2
0 58
0 34
1 50
1 59
0 10
0 22
0 25
0 72
1 100
1 62
0 62
1 77
1 14
1 1
1 42
0 67
1 41
0 77
0 95
1 43
1 4
1 79
0 43
1 37
0 13
1 47
1 66
0 14
1 43
0 50
0 42
0 41
1 2
0 66
1 13
1 14
1 48
0 4
0 43
1 69
1 96
0 79
1 68
1 10
1 49
0 2
0 100
1 94
0 49
1 3
0 68
1 76
0 1
1 87
1 68
0 47
1 53
1 92
0 10
0 87
0 37
1 63
0 59
0 48
0 96
0 68
1 12
1 35
0 69
1 27
0 81
0 35
0 76
1 39
0 27
0 94
1 77
0 39
0 77
1 47
1 25
0 25
1 61
1 1
1 6
0 92
0 1
1 40
0 14
1 20
0 12
0 47
0 3
1 8
1 50
1 12
0 6
1 38
0 63
1 84
1 48
0 50
1 34
1 71
1 70
1 98
1 25
1 52
0 61
0 48
1 91
1 17
0 25
0 71
0 8
1 19
1 1
0 13
1 41
0 98
1 24
0 52
0 1
0 40
1 59
0 41
1 57
0 53
0 57
0 38
0 19
1 38
1 9
0 12
0 59
1 72
1 66
0 70
1 82
0 9
0 82
0 66
0 20
0 38
0 24
0 84
1 64
0 64
0 91
0 34
0 72
0 17
1 78
0 78
1 32
0 32
1 90
1 92
0 92
1 54
1 76
0 54
1 47
1 81
0 90
1 60
0 60
1 64
0 64
0 76
1 55
0 81
1 34
1 25
1 26
1 86
0 26
1 3
0 3
0 47
0 25
1 45
1 8
0 86
1 27
0 27
0 8
0 55
1 35
0 45
1 25
0 25
1 90
0 90
1 82
0 82
0 35
1 71
0 34
0 71
1 3
1 63
0 3
0 63
1 49
1 97
1 93
0 97
0 49
0 93
1 38
1 85
0 85
1 27
0 27
0 38
1 50
1 5
0 50
0 5
1 38
0 38
1 69
0 69
1 53
0 53
1 10
0 10
1 15
0 15
1 26
1 18
1 91
0 26
1 25
0 25
0 91
1 36
0 18
0 36
1 45
1 90
1 65
1 18
0 18
1 10
0 45
0 65
1 60
1 61
1 80
1 42
0 10
1 28
1 68
1 3
1 86
0 80
0 61
0 3
0 90
1 18
0 18
1 55
1 81
1 69
1 8
0 60
1 43
1 38
0 43
0 69
1 26
0 26
0 42
1 89
1 69
0 89
1 39
0 28
0 81
1 6
1 64
1 34
1 4
1 58
0 58
1 99
1 67
0 55
0 6
1 40
0 4
1 41
1 54
1 71
1 78
0 41
0 8
1 3
1 70
0 39
1 60
1 75
0 34
1 28
1 93
1 100
0 3
0 70
0 93
1 9
1 13
0 38
1 80
0 80
1 12
1 70
1 50
1 31
0 13
1 80
1 14
1 15
0 70
1 46
0 78
0 31
0 68
0 80
0 54
0 99
0 75
0 12
0 86
1 27
1 90
1 16
1 1
1 11
0 16
0 90
0 27
0 69
0 64
0 50
1 89
1 7
0 60
1 16
1 50
0 50
1 61
0 71
1 17
1 43
1 18
0 7
1 62
0 28
0 40
1 69
0 61
0 15
0 18
0 17
1 32
0 1
1 78
1 76
0 67
0 9
1 50
1 84
0 89
1 1
1 53
1 95
0 53
1 31
1 4
0 31
0 43
1 15
0 84
0 100
0 4
1 23
1 33
1 60
1 64
1 89
1 21
1 7
0 76
0 1
0 15
1 70
1 27
0 11
1 58
0 16
0 27
1 13
0 7
0 46
0 69
0 23
1 29
0 14
1 86
0 62
0 78
0 64
1 23
1 44
0 50
0 32
0 70
0 60
0 86
0 23
0 44
1 80
0 95
1 22
1 73
0 89
0 33
1 54
0 21
0 29
0 13
1 85
0 80
0 54
1 75
0 85
0 75
0 58
0 73
0 22
1 58
0 58
1 14
1 31
0 14
0 31
1 29
0 29
1 93
0 93
1 61
1 8
1 91
0 91
1 76
1 62
0 61
0 62
1 77
0 8
0 77
1 31
1 27
1 13
1 11
0 76
0 11
1 55
0 31
1 69
1 3
0 27
0 55
0 69
0 13
0 3
1 17
0 17
1 10
1 90
1 19
0 90
0 10
0 19
1 62
1 66
0 66
0 62
1 53
1 95
1 9
0 9
1 40
0 40
1 31
0 53
1 8
1 9
0 31
1 46
1 54
1 29
0 29
1 43
1 97
1 10
0 43
1 96
0 9
0 95
1 56
0 56
1 5
1 78
0 8
1 74
1 75
1 47
0 96
1 8
1 36
1 16
1 65
0 16
1 16
0 65
0 54
1 98
0 97
1 84
0 98
0 84
1 63
1 79
1 34
0 63
1 25
1 27
1 72
1 49
0 72
0 34
1 95
1 65
0 49
1 50
1 4
0 74
1 49
1 48
0 48
0 10
1 56
0 65
1 84
0 36
1 9
0 79
1 26
1 40
0 84
1 43
0 49
1 36
0 36
0 5
0 47
0 56
0 4
1 76
0 76
0 50
0 75
1 81
1 33
0 16
1 82
0 78
0 26
0 46
0 43
1 69
1 37
0 8
0 82
0 40
1 65
1 86
0 9
1 19
1 70
0 95
0 27
1 39
1 89
1 72
0 65
1 91
0 81
0 33
0 72
0 19
1 7
1 34
1 12
0 37
0 70
0 89
0 91
0 25
1 16
0 39
1 48
0 7
1 94
0 48
1 89
0 89
0 69
1 19
1 84
1 95
0 19
1 7
1 96
0 94
0 86
0 7
1 68
0 34
0 68
0 16
1 50
1 16
0 12
0 50
1 31
1 72
1 83
0 84
1 91
1 89
1 46
0 89
0 95
1 36
1 94
0 83
0 46
0 72
1 19
0 31
1 2
0 91
0 94
0 2
1 83
1 30
1 25
1 17
0 19
1 2
0 25
1 80
0 16
0 36
1 6
1 97
0 97
0 80
0 30
0 17
1 76
0 2
0 96
0 6
0 76
1 15
1 73
0 73
0 15
0 83
1 24
0 24
1 86
0 86
1 61
1 71
0 71
1 60
0 61
1 40
1 89
0 60
1 87
1 13
0 87
0 13
1 85
1 83
0 40
0 89
0 83
1 8
1 31
0 31
0 85
1 71
0 71
0 8
1 45
1 98
0 98
1 29
0 45
0 29
1 52
0 52
1 66
1 33
0 66
0 33
1 75
0 75
1 20
0 20
1 76
1 34
1 18
1 31
0 34
0 31
1 19
1 80
1 52
0 76
1 79
0 80
1 48
0 79
0 19
1 96
0 18
0 48
1 38
0 96
1 46
1 90
0 38
1 98
1 44
0 44
1 23
1 99
0 99
0 52
0 90
0 23
0 46
0 98
1 57
1 100
0 100
1 52
1 25
1 35
1 82
1 63
0 35
1 43
1 85
0 63
0 43
1 53
0 85
0 57
1 83
0 82
0 25
1 48
1 20
0 83
0 48
0 52
0 53
1 38
0 38
0 20
1 66
0 66
1 63
0 63
1 15
1 73
1 37
0 37
1 3
1 50
1 43
0 73
1 39
0 43
0 39
0 50
0 3
0 15
1 46
1 34
0 34
1 4
1 88
1 26
0 4
0 26
1 25
0 46
1 18
0 25
0 18
0 88
1 6
0 6
1 100
1 68
1 17
1 95
0 17
0 100
1 18
0 18
0 95
0 68
1 3
1 58
1 26
0 26
0 3
0 58
1 22
1 15
1 45
0 15
1 75
1 68
1 72
1 23
0 75
0 23
1 3
1 59
1 15
0 72
1 96
0 45
0 3
0 59
0 96
1 33
0 15
1 51
1 85
0 33
1 78
0 68
1 4
1 24
1 100
0 4
1 44
0 100
0 85
0 78
1 18
1 74
0 44
0 51
1 39
0 39
0 24
1 34
0 22
1 54
1 26
1 21
1 40
1 8
1 92
1 29
1 9
1 73
1 55
0 54
0 29
1 1
1 78
0 73
0 9
1 63
0 21
1 67
0 40
1 14
