1000
1 88
0 88
1 90
1 38
0 38
0 90
1 2
0 2
1 70
1 6
1 36
0 6
0 36
0 70
1 2
0 2
1 66
0 66
1 54
1 25
0 54
1 23
0 23
1 43
1 23
1 67
1 86
0 43
0 67
1 59
0 25
0 23
1 3
0 3
0 86
0 59
1 6
0 6
1 66
1 4
1 45
0 66
1 77
1 90
0 77
1 12
1 20
1 27
1 42
1 93
1 43
0 42
0 27
0 4
0 90
0 93
1 39
1 73
1 90
0 12
0 90
0 45
0 73
0 39
0 20
0 43
1 62
0 62
1 79
0 79
1 85
0 85
1 100
1 13
1 68
0 13
1 11
0 100
0 11
1 47
0 68
0 47
1 32
0 32
1 50
1 97
0 97
1 93
1 10
0 93
1 23
1 62
0 62
1 55
1 41
1 67
0 41
1 29
1 94
1 15
0 67
0 55
0 23
0 10
1 3
0 3
1 34
1 75
0 34
0 94
0 29
0 15
1 4
1 15
1 28
0 28
1 14
1 82
1 5
1 48
1 90
0 75
0 14
0 15
1 11
0 48
1 46
1 18
1 12
0 18
0 11
1 1
0 82
0 90
1 99
1 90
1 67
0 46
0 4
0 5
0 67
1 100
0 100
0 1
0 12
0 99
0 50
1 12
0 12
1 22
1 17
1 50
1 15
0 15
1 18
0 90
1 11
0 22
1 8
0 17
0 8
1 43
0 11
1 13
1 34
0 50
1 25
0 34
0 18
0 43
1 66
0 66
1 23
0 25
0 23
0 13
1 68
1 59
0 59
1 64
0 64
0 68
1 38
0 38
1 95
1 40
0 40
0 95
1 50
1 15
1 67
0 67
0 15
1 79
1 38
0 38
1 27
0 79
1 81
1 32
1 22
0 22
0 50
1 31
0 32
0 81
1 16
0 31
1 28
1 50
1 35
0 35
0 28
0 16
1 78
0 27
1 26
1 30
1 13
1 39
1 2
0 39
0 13
0 2
1 80
1 64
1 56
1 61
1 2
0 80
1 75
0 50
1 29
0 61
1 99
1 51
0 29
0 78
1 29
1 3
0 64
0 29
0 75
0 3
0 26
0 56
0 2
1 84
1 91
0 51
1 54
0 30
1 14
1 39
1 92
0 39
1 45
0 84
0 45
0 54
1 47
1 24
1 78
0 99
0 14
1 60
0 78
1 85
1 27
0 91
1 94
0 92
1 29
1 35
1 78
0 85
0 78
0 27
0 29
0 60
1 81
0 94
1 25
1 74
0 25
1 7
1 75
1 38
0 38
1 11
0 11
1 68
1 15
1 5
1 18
1 17
1 50
1 76
1 25
0 17
1 36
0 25
0 50
0 74
1 94
0 76
0 18
0 15
0 47
0 94
0 24
0 7
1 2
0 75
1 44
0 2
0 81
1 49
0 44
1 7
0 5
0 35
0 49
1 18
0 18
0 7
1 69
1 14
0 14
1 71
1 40
1 21
1 25
0 40
0 21
1 74
0 71
1 75
1 73
1 84
1 22
1 26
1 64
0 68
1 18
0 74
1 70
1 13
0 36
1 86
0 75
0 13
1 80
0 18
0 22
1 95
1 74
0 25
1 10
0 70
1 48
1 57
1 49
1 33
1 38
0 57
1 61
1 24
0 64
1 54
0 24
1 90
1 50
0 33
1 70
0 48
1 27
0 74
1 23
0 69
0 86
1 93
1 60
0 95
1 28
1 17
1 25
1 30
1 32
0 50
0 93
0 61
1 29
0 10
1 47
0 23
1 72
1 92
0 70
1 24
0 84
1 44
1 51
0 25
1 86
1 25
0 44
0 72
0 28
0 30
0 80
0 38
1 53
1 13
0 27
1 61
1 94
1 14
0 61
0 54
0 49
1 27
1 37
0 94
0 13
0 90
1 55
0 60
0 51
1 18
0 27
0 37
1 8
1 62
1 48
0 29
0 17
0 86
0 47
0 26
0 8
0 73
1 90
1 88
0 88
1 71
1 26
1 27
0 27
0 55
1 7
0 14
0 7
0 26
0 90
0 24
0 32
1 98
1 70
0 25
1 3
1 11
0 53
0 70
1 43
0 62
1 57
0 43
1 24
0 11
0 3
0 92
1 84
0 84
1 51
1 14
1 96
0 71
0 14
1 66
0 57
1 90
0 24
0 18
0 66
1 70
1 54
1 75
0 51
0 90
0 96
1 28
0 70
1 25
0 75
0 98
1 47
1 65
0 65
1 23
0 54
0 48
1 20
1 100
0 25
1 43
1 44
0 28
1 33
1 22
1 58
1 91
0 23
0 100
0 91
0 20
0 22
0 44
1 64
0 43
0 33
1 74
1 15
0 15
0 74
1 54
1 95
1 96
0 54
0 96
1 82
0 58
1 81
0 81
0 95
0 47
1 56
1 65
0 64
0 82
0 65
1 19
0 56
0 19
1 40
0 40
1 65
0 65
1 52
0 52
1 56
0 56
1 37
0 37
1 56
1 89
0 89
1 30
1 65
0 56
0 65
1 34
1 38
0 34
0 30
0 38
1 84
0 84
1 75
1 67
1 52
0 67
0 75
1 37
1 47
0 47
0 52
0 37
1 4
1 33
0 4
0 33
1 53
1 88
1 21
1 5
0 21
0 88
0 53
0 5
1 57
1 73
0 57
0 73
1 82
1 71
1 93
1 56
1 74
1 81
0 56
0 71
1 31
1 53
1 17
0 82
1 62
1 24
0 24
1 85
0 17
1 69
1 19
1 18
0 81
0 53
0 74
1 22
1 44
1 20
0 69
1 58
0 58
0 18
0 62
1 96
1 71
1 87
0 93
1 33
0 33
1 40
1 14
1 97
1 32
0 96
1 99
1 15
0 85
0 31
0 44
1 17
0 97
1 24
0 87
0 24
0 40
0 19
0 22
1 48
0 99
1 13
1 90
1 82
0 13
0 32
1 62
0 48
0 15
1 34
0 62
0 17
1 87
1 40
0 40
1 32
0 87
0 82
0 20
1 98
1 11
1 16
0 90
0 32
1 55
1 80
0 98
1 76
1 7
1 59
1 60
0 80
0 7
0 34
0 16
0 11
0 71
1 12
0 12
1 27
0 59
0 60
0 76
1 39
1 15
1 76
0 27
1 40
1 22
0 55
1 42
0 76
0 14
1 74
1 24
0 15
1 71
1 44
0 74
1 57
1 59
0 24
1 74
1 5
1 50
1 9
0 44
0 59
1 51
0 74
0 51
1 18
0 71
0 22
1 30
1 56
1 3
1 80
0 39
1 35
1 93
1 67
0 35
1 2
0 80
1 51
0 67
0 5
1 67
0 9
0 30
1 92
0 40
1 74
0 2
0 74
1 35
1 70
1 38
1 52
1 61
1 53
0 70
0 53
1 70
0 92
1 98
0 50
1 55
0 3
0 35
1 99
0 67
1 32
0 32
1 49
0 98
1 19
1 28
0 70
1 90
0 49
0 61
1 20
0 55
0 38
0 20
1 32
1 72
1 9
1 11
1 43
0 90
0 52
1 33
1 58
1 95
0 43
1 26
1 44
1 46
1 12
0 51
0 99
1 49
0 32
1 77
1 50
1 13
1 89
1 23
0 95
0 56
0 23
1 62
1 90
1 7
1 45
0 50
1 54
1 97
1 3
1 59
0 77
0 72
1 5
1 50
1 94
1 56
1 4
0 59
0 54
0 18
1 91
1 84
1 81
1 27
0 81
0 84
1 66
1 31
0 66
0 45
1 10
1 41
0 62
0 94
1 61
1 54
0 90
0 93
1 38
0 4
1 51
1 14
0 7
1 30
0 61
1 15
0 19
1 68
0 5
0 9
0 42
1 16
0 16
0 14
1 9
1 34
0 10
1 29
1 76
0 9
1 82
0 68
0 56
0 34
0 29
0 27
1 86
1 34
1 83
1 32
0 33
1 1
1 17
1 68
0 54
0 12
0 97
1 66
1 75
0 1
1 54
0 54
0 57
1 87
0 3
0 41
1 18
1 81
1 97
1 5
1 33
0 51
1 16
0 68
1 60
1 35
0 34
1 34
0 31
0 33
1 1
0 75
1 33
0 91
1 88
1 31
1 25
1 98
1 84
1 21
1 36
1 8
1 12
0 86
1 43
1 47
0 88
0 25
1 85
1 65
1 51
0 81
1 94
0 26
1 75
0 66
1 77
1 37
1 20
0 17
1 78
0 50
1 14
1 39
0 47
1 66
0 8
1 68
0 31
0 36
0 34
0 58
0 44
1 17
0 68
0 87
1 4
0 38
1 53
1 19
0 82
0 75
0 11
0 37
1 29
1 34
0 18
0 33
0 39
0 13
0 16
1 42
0 51
1 82
0 76
0 21
0 4
1 56
1 33
0 43
0 42
0 66
1 18
1 10
0 78
1 36
1 16
0 28
1 68
0 10
0 65
1 75
1 88
1 61
1 21
1 100
1 28
1 31
0 98
0 1
0 32
1 39
1 32
0 21
0 5
0 56
1 47
