1000
1 15
0 15
1 37
1 74
1 16
1 38
1 14
1 72
0 38
1 13
1 29
1 85
1 15
1 77
1 75
0 16
1 30
0 14
1 67
1 18
1 71
1 5
0 18
1 98
0 77
1 78
0 30
1 10
0 72
0 15
1 18
1 63
0 29
0 5
0 37
1 94
1 19
0 78
1 25
1 61
0 94
1 68
0 74
1 77
1 33
1 92
0 13
1 17
0 63
0 17
1 48
1 99
0 10
0 77
0 99
0 25
1 69
1 8
1 93
0 69
1 36
0 85
1 58
1 72
1 42
1 94
1 41
0 58
0 68
0 19
0 33
0 75
0 48
0 8
1 48
1 84
0 92
1 30
0 42
1 37
0 94
1 63
0 72
1 33
1 3
1 81
0 84
1 92
1 55
1 20
0 92
1 21
1 68
1 17
0 61
1 27
1 85
1 77
1 1
1 56
1 61
1 46
0 67
1 64
1 49
0 46
0 71
1 54
1 78
1 70
0 41
1 60
0 77
0 56
1 38
1 69
1 79
1 72
0 79
1 2
1 7
1 50
1 14
0 54
1 4
1 5
1 39
1 40
1 56
0 98
0 64
1 94
0 39
0 85
1 19
1 91
0 94
0 21
1 67
0 49
0 67
1 71
1 39
1 49
1 89
1 57
0 27
1 94
0 71
1 71
1 12
0 36
1 16
1 41
1 62
1 87
1 73
0 89
0 70
1 64
0 87
1 90
1 21
1 22
0 81
0 30
0 60
1 43
0 48
1 25
0 7
0 22
0 41
0 39
1 34
0 90
0 78
1 65
1 48
0 1
1 70
1 51
1 59
1 100
1 23
1 85
0 91
1 24
1 35
0 56
0 70
0 12
1 86
1 88
1 66
1 67
1 22
0 71
1 87
1 1
0 67
0 24
0 2
1 39
0 50
0 35
1 79
1 24
1 90
0 3
1 35
1 80
1 95
1 74
0 38
1 12
0 62
1 84
1 26
1 41
0 55
0 43
1 99
1 38
1 27
1 67
0 87
1 58
1 46
0 64
0 5
1 75
1 76
0 48
1 77
1 78
0 59
0 77
0 26
1 77
1 26
0 100
0 33
1 28
0 69
0 23
0 93
0 17
1 29
1 6
0 94
1 87
1 81
1 82
0 46
1 83
0 83
1 96
0 40
0 88
0 78
0 57
1 30
0 21
0 66
1 71
0 20
0 75
0 99
1 53
1 66
1 7
0 95
0 90
0 37
1 88
0 82
0 28
0 58
0 86
0 61
0 6
0 30
0 66
1 89
1 2
0 19
1 78
0 72
0 2
0 51
0 16
1 82
1 83
0 22
0 1
0 88
0 89
0 96
1 91
1 28
1 45
1 30
0 38
0 71
0 83
1 94
0 7
1 36
1 83
0 14
1 86
0 18
0 81
1 88
0 4
0 94
0 68
0 26
1 16
1 15
0 34
0 82
0 16
0 15
1 93
0 86
1 52
0 25
1 31
1 32
1 8
0 29
1 9
0 32
0 9
0 91
1 94
1 50
1 68
0 85
0 39
1 60
0 94
0 45
0 36
0 49
0 28
0 31
1 9
0 84
1 5
1 96
0 68
0 52
1 28
1 90
0 24
0 90
1 55
0 93
1 64
1 75
0 5
0 79
0 65
0 75
0 78
1 97
0 97
1 98
0 53
0 41
1 18
0 67
1 99
1 36
0 50
1 97
0 35
1 31
1 24
0 31
1 13
1 82
0 30
0 82
1 100
0 83
0 64
1 37
0 28
0 98
1 14
0 100
0 27
1 31
1 53
1 52
1 71
0 73
1 72
0 12
0 60
0 80
0 96
1 64
0 8
0 76
0 64
0 53
1 94
1 28
0 71
0 87
0 14
0 36
1 95
1 40
1 96
0 77
0 52
0 37
0 97
1 66
0 95
1 29
0 74
1 60
1 2
1 98
1 83
1 12
0 28
1 45
1 32
0 13
1 93
1 86
0 9
1 39
1 3
1 97
1 13
0 31
0 18
0 98
0 29
1 85
1 27
0 72
0 32
0 40
0 27
1 91
0 13
1 47
0 60
0 91
1 92
1 67
1 81
0 55
0 88
0 94
1 17
0 92
0 12
0 81
0 86
1 64
0 66
0 96
1 79
0 99
0 2
0 97
0 63
1 2
0 67
0 85
0 2
0 79
0 17
0 24
1 95
0 45
0 39
1 99
1 72
1 94
0 94
0 3
0 47
0 72
1 75
0 75
1 16
0 16
1 97
0 99
1 42
0 83
0 93
0 95
1 55
0 42
1 70
1 16
1 19
1 4
1 53
0 70
0 16
1 29
1 61
1 34
1 30
0 29
0 97
0 34
0 30
1 94
0 64
1 63
0 4
1 84
1 4
0 63
0 61
1 85
0 53
0 84
0 85
1 93
1 66
0 4
1 96
1 23
1 3
0 96
0 23
0 19
0 94
0 66
1 56
0 55
1 85
1 74
1 59
0 56
0 74
1 98
1 14
1 60
0 59
1 99
0 99
1 21
1 61
1 7
1 94
0 85
0 94
0 98
1 96
0 14
1 5
0 3
0 7
0 21
0 61
0 93
1 42
0 5
0 42
1 82
1 44
0 96
0 82
0 44
1 2
1 97
0 97
1 70
0 60
0 70
0 2
1 34
0 34
1 31
1 83
0 31
1 3
1 82
1 27
1 32
1 60
0 32
1 68
0 68
1 21
1 33
0 33
1 62
1 28
1 77
1 14
1 10
1 29
0 62
0 60
0 14
1 52
0 27
0 3
0 82
1 79
0 10
0 29
1 80
1 33
1 98
1 97
1 64
0 83
0 79
1 27
0 28
1 40
0 21
1 13
0 33
0 27
0 98
1 69
1 89
1 72
1 45
1 99
0 80
1 5
0 40
1 98
0 45
1 21
0 52
1 90
1 11
0 11
0 77
1 80
1 73
0 89
0 13
1 28
1 35
0 21
1 51
0 69
1 79
0 90
1 81
1 65
0 99
0 35
0 73
1 31
1 17
1 44
1 48
1 60
1 30
0 28
1 75
0 31
0 97
0 80
1 70
1 49
1 99
1 100
1 91
1 7
1 36
0 36
0 100
0 98
0 65
1 23
0 75
0 17
1 27
0 64
1 42
0 72
0 27
0 49
0 79
0 81
0 7
0 60
0 99
0 5
1 7
0 70
0 42
0 51
0 30
0 48
1 34
1 97
1 9
1 21
0 23
1 72
0 34
1 22
1 26
1 36
1 82
0 44
0 36
1 11
1 100
1 94
1 28
0 11
0 72
1 74
1 72
1 85
0 7
1 33
1 81
0 91
0 94
0 72
1 19
1 16
1 62
0 82
1 63
0 62
1 99
1 66
1 41
1 38
1 46
0 16
0 9
0 41
1 49
1 1
0 97
1 94
0 46
1 34
0 21
0 99
0 63
0 74
1 47
0 85
1 12
0 28
1 73
1 79
1 9
0 1
0 22
0 66
1 72
0 19
1 1
0 38
1 99
0 72
1 48
0 9
0 100
1 11
0 81
0 47
0 94
1 92
1 47
1 35
0 34
0 47
1 47
0 92
0 79
1 10
1 13
1 75
0 10
0 47
1 74
1 6
0 99
0 49
1 98
0 13
0 74
0 75
1 71
1 15
1 69
1 74
1 75
1 58
1 95
0 12
1 10
0 75
1 96
0 48
0 71
1 85
0 10
0 96
0 1
0 74
0 35
1 39
1 67
0 39
1 79
1 32
1 12
1 56
0 33
0 56
0 95
0 79
0 69
1 49
1 56
1 68
0 11
0 58
0 67
0 32
1 36
1 81
1 9
0 26
0 49
1 22
1 54
1 71
1 21
0 36
0 85
0 98
1 69
1 19
0 19
0 22
0 9
1 74
1 59
1 58
0 73
0 15
1 76
1 62
0 6
1 79
1 75
1 94
0 94
0 62
1 42
0 21
1 80
1 49
0 59
1 20
1 7
1 15
1 27
1 16
0 58
0 7
0 15
1 39
1 30
0 71
0 49
0 27
0 68
0 76
1 94
0 80
0 79
1 59
1 46
0 74
0 39
0 56
0 75
1 64
0 81
1 43
0 69
0 64
1 34
0 20
1 68
1 5
1 6
0 12
1 91
0 54
0 6
0 16
1 40
0 5
1 35
1 23
0 68
0 91
1 99
1 78
0 35
1 95
0 95
0 40
1 3
1 95
1 29
0 23
0 43
0 34
1 61
1 58
1 1
1 86
0 86
1 76
0 99
0 95
0 42
1 16
1 37
0 61
0 29
0 16
1 75
1 96
1 16
1 44
0 16
0 44
0 59
0 78
1 83
0 94
1 88
1 59
1 56
0 30
0 76
0 1
1 68
1 69
1 26
0 59
0 56
1 63
1 51
1 79
1 72
1 100
0 68
0 69
0 58
0 96
0 3
1 35
1 52
1 59
0 100
0 59
0 51
0 52
1 84
0 84
1 8
0 35
1 35
0 83
0 72
0 26
0 46
1 27
0 88
0 8
