1000
1 45
1 37
0 37
1 58
0 58
1 99
0 45
0 99
1 44
0 44
1 1
0 1
1 67
0 67
1 47
0 47
1 16
0 16
1 61
0 61
1 85
1 97
0 85
1 61
0 61
1 19
1 94
0 97
1 73
0 94
0 73
1 83
1 38
0 83
1 1
0 1
1 94
1 44
0 94
0 44
0 38
1 39
1 99
1 95
0 19
1 47
1 90
1 22
1 50
0 99
1 67
1 29
0 50
0 90
0 22
0 39
0 47
1 4
0 67
1 83
1 96
1 94
1 36
1 99
1 24
0 95
1 57
0 83
0 29
1 19
1 87
0 99
1 28
1 88
0 96
0 24
1 30
0 30
1 45
0 36
0 4
0 45
1 23
0 94
0 88
1 47
0 87
0 19
0 28
1 38
0 38
0 47
1 92
0 92
1 67
1 31
1 45
0 57
0 45
0 67
0 31
0 23
1 63
0 63
1 89
1 26
0 26
0 89
1 78
0 78
1 15
0 15
1 43
1 76
0 76
0 43
1 92
0 92
1 45
1 41
0 41
1 35
1 94
0 45
0 94
0 35
1 29
0 29
1 59
1 9
1 77
0 77
1 34
0 34
0 59
1 34
1 25
1 45
1 46
1 100
0 100
1 4
0 25
0 34
1 54
0 4
0 9
1 28
1 73
1 93
0 46
0 93
0 28
1 41
1 20
1 12
1 70
0 73
1 22
0 22
1 52
1 65
0 12
0 45
0 54
1 93
0 52
1 63
0 41
0 63
0 93
1 76
0 20
1 56
1 72
0 70
1 14
1 17
1 79
0 17
0 72
1 40
0 56
0 76
1 45
0 79
1 94
0 45
1 79
1 22
1 72
1 54
0 40
1 63
0 22
1 68
1 5
1 89
0 65
1 3
1 62
0 5
1 86
0 3
0 62
0 89
1 59
0 94
0 63
1 93
1 15
0 68
1 94
0 15
1 57
0 93
0 86
1 47
1 8
1 95
0 14
1 36
1 55
1 10
0 10
1 37
0 57
1 56
0 55
0 37
0 72
0 47
1 67
0 56
1 26
0 8
1 55
1 41
1 81
0 94
0 59
0 95
0 26
1 58
0 81
1 34
1 94
0 67
0 41
1 51
1 46
1 29
1 96
0 54
1 9
1 75
0 55
0 58
0 34
1 87
0 36
0 75
1 52
0 96
1 99
1 36
1 32
1 43
0 32
1 78
1 38
0 52
0 94
1 11
0 11
0 38
1 70
0 46
1 11
0 51
0 79
0 70
1 13
1 74
1 23
0 11
0 29
1 88
0 99
0 87
1 51
1 79
1 64
0 88
1 63
1 32
1 10
0 64
1 98
0 74
0 79
1 11
0 23
1 59
1 12
0 10
0 11
1 74
1 28
0 36
0 28
0 32
1 85
1 60
0 43
0 9
1 90
0 74
0 78
0 59
1 56
1 40
0 90
0 56
1 75
1 71
1 64
1 49
0 63
0 85
1 100
0 12
0 13
0 40
0 64
1 13
1 1
0 49
0 1
1 77
0 71
0 51
1 70
1 2
1 27
0 77
0 75
1 37
0 13
0 2
1 67
1 76
0 100
1 68
0 70
1 1
0 60
1 20
0 1
0 68
1 22
1 73
0 37
1 95
0 98
1 33
0 22
1 60
1 28
1 100
0 73
1 15
1 94
0 94
1 82
1 91
1 92
1 75
0 67
1 16
0 91
1 89
1 43
0 92
1 93
1 51
1 77
1 25
1 81
1 32
0 33
0 82
0 77
0 16
0 60
1 67
0 81
0 51
1 70
1 78
0 15
1 33
0 93
0 100
1 24
0 70
0 76
1 12
1 29
0 27
1 76
1 73
1 6
1 84
0 84
1 85
1 26
0 33
1 3
0 75
1 33
0 76
0 26
1 22
0 85
0 25
0 73
1 40
0 22
0 28
0 32
1 68
0 40
1 97
1 75
0 43
0 29
1 94
1 86
0 3
0 67
1 58
0 68
1 76
0 94
0 97
0 33
1 38
1 82
0 6
1 50
0 12
0 78
1 31
0 89
0 24
0 76
1 100
0 100
0 20
1 87
0 31
1 10
1 33
1 14
0 10
0 14
0 86
0 33
0 75
0 82
0 58
0 38
0 87
0 50
1 43
1 62
1 96
0 43
0 96
0 95
1 31
1 78
0 62
0 31
0 78
1 27
0 27
1 23
1 85
1 32
1 60
0 60
1 21
1 57
1 86
1 24
1 70
0 85
1 96
0 21
0 32
0 86
0 24
0 57
0 23
1 50
1 84
0 84
0 70
1 23
0 23
0 96
1 16
1 83
0 83
1 15
0 15
1 63
1 78
1 27
0 50
1 73
0 16
0 63
0 73
0 27
0 78
1 61
0 61
1 22
1 48
0 22
0 48
1 87
1 39
1 31
0 31
0 87
1 82
0 39
0 82
1 73
0 73
1 76
1 44
1 48
1 96
1 100
0 76
0 100
1 50
1 100
1 32
0 96
0 50
0 32
0 44
0 100
0 48
1 94
1 13
0 94
1 9
1 62
0 9
0 13
1 36
0 62
1 2
0 2
1 70
1 10
1 91
1 1
1 46
1 79
0 79
0 70
0 1
1 62
0 10
1 18
1 94
0 46
1 37
1 51
1 84
1 9
1 77
1 21
1 76
1 22
0 51
0 77
1 38
0 91
0 36
1 33
0 9
0 33
0 84
1 59
1 77
1 52
1 7
0 38
1 49
0 18
0 49
0 59
1 53
0 21
1 72
0 76
1 4
1 46
1 28
1 12
0 52
0 77
1 97
1 39
0 94
0 97
1 27
0 37
0 62
0 53
0 7
0 22
1 40
1 64
0 72
0 40
0 39
1 18
0 46
1 3
0 4
1 37
1 96
1 67
0 27
1 41
1 13
1 100
1 59
1 69
0 67
0 12
1 43
1 26
1 15
1 82
1 42
0 96
1 4
1 88
1 40
0 28
1 16
0 69
1 33
0 100
1 36
0 82
1 51
0 42
0 16
0 15
1 79
1 93
1 65
0 13
0 51
1 100
1 95
1 5
1 84
1 75
1 96
0 26
0 5
0 18
1 99
0 37
1 5
1 71
0 100
1 73
0 95
0 93
0 79
0 36
0 43
1 31
0 33
1 8
1 11
0 5
0 31
1 48
1 74
0 64
1 5
1 10
1 31
0 10
0 31
1 49
0 96
1 91
0 8
0 73
1 50
1 82
1 35
0 74
0 91
0 65
1 39
1 8
1 38
0 71
0 49
1 80
1 6
1 2
1 44
0 39
0 75
1 20
1 89
0 11
0 88
1 56
0 5
0 50
1 100
1 18
0 44
0 35
0 40
1 86
0 2
1 54
1 94
1 25
0 86
0 80
0 38
0 18
0 8
1 32
1 1
0 20
0 100
0 6
1 24
1 12
1 85
1 8
0 82
0 59
0 32
1 93
0 54
1 95
1 26
1 39
1 49
0 41
0 93
1 66
0 26
0 1
1 100
0 94
0 66
1 1
0 99
0 100
0 3
0 49
0 48
1 49
0 85
0 25
0 4
0 39
0 12
1 25
0 25
1 39
1 86
0 86
0 39
1 19
1 18
0 19
0 95
1 72
1 31
0 89
1 35
0 72
0 56
0 1
1 46
1 17
0 49
1 47
1 29
0 84
0 8
0 31
1 68
0 47
0 46
0 35
1 44
1 25
1 56
1 46
0 44
1 27
0 18
1 34
1 40
0 46
0 25
1 30
1 78
1 5
0 30
1 22
0 29
0 68
0 17
1 68
1 86
0 24
0 34
0 56
0 68
0 86
1 65
1 91
1 20
1 3
1 42
0 27
1 52
0 40
1 25
1 98
1 86
0 25
1 34
0 78
0 65
1 23
1 74
1 56
0 5
0 91
1 49
1 50
1 54
0 42
0 86
1 19
0 49
0 54
1 4
0 3
1 54
1 11
0 22
0 98
0 52
1 86
0 50
1 40
0 23
1 75
0 40
1 70
1 69
0 4
1 53
0 20
0 54
1 78
0 75
1 17
1 62
1 79
0 17
1 42
0 34
0 11
0 78
0 42
0 53
0 79
1 87
0 56
0 70
0 19
0 87
0 69
0 86
1 99
0 99
1 61
0 61
1 54
0 54
0 62
0 74
1 41
0 41
1 14
0 14
1 55
0 55
1 3
0 3
1 56
0 56
1 44
1 37
0 44
0 37
1 20
1 98
1 76
0 20
1 33
0 76
0 98
0 33
1 20
1 26
1 83
0 26
0 20
0 83
1 37
0 37
1 24
0 24
1 17
0 17
1 12
0 12
1 88
1 28
1 11
0 88
1 10
0 11
1 67
0 10
0 67
1 51
0 51
1 55
0 28
0 55
1 37
0 37
1 40
0 40
1 14
0 14
1 76
0 76
1 26
1 62
0 26
0 62
1 74
1 92
1 26
0 26
1 61
0 74
1 31
1 78
0 61
1 8
1 88
1 19
0 19
1 24
0 8
1 47
