1000
1 68
0 68
1 89
0 89
1 59
0 59
1 99
0 99
1 61
1 15
1 26
0 26
0 61
1 46
0 46
1 71
1 60
1 23
0 71
0 15
1 19
1 99
0 23
0 19
0 60
0 99
1 42
1 10
0 10
1 44
1 56
1 84
0 56
1 45
1 54
1 74
0 54
0 45
1 2
1 31
0 84
0 31
1 10
0 2
0 44
1 60
1 68
1 83
0 74
1 72
1 66
0 68
0 60
0 42
1 84
1 23
1 25
1 20
0 23
1 18
1 39
1 49
1 7
1 30
1 13
1 52
0 13
0 84
1 92
1 28
1 3
0 18
1 78
0 72
0 25
0 3
0 7
1 33
1 11
0 83
1 4
0 10
1 79
0 49
0 28
1 38
1 31
1 44
1 69
0 69
1 37
1 32
1 61
1 69
0 92
0 52
0 39
0 31
0 20
1 96
0 44
0 69
1 54
1 42
0 33
1 9
1 52
1 84
1 45
1 62
1 53
0 4
0 96
1 12
1 72
1 71
0 61
1 73
1 67
0 32
0 84
1 46
1 80
0 30
1 76
0 52
0 45
1 51
0 46
0 51
1 77
0 78
1 43
0 77
1 16
0 80
1 74
0 62
0 73
0 53
1 44
1 88
1 99
1 75
1 78
1 92
1 95
1 23
1 10
1 27
0 78
1 51
1 55
0 38
0 74
1 20
1 58
0 42
1 78
1 77
1 24
1 83
1 31
0 71
0 16
1 68
0 37
0 23
0 78
1 21
1 56
1 84
0 9
0 99
1 96
0 43
0 66
1 52
1 97
0 20
1 94
0 94
0 72
0 27
0 24
0 68
0 12
1 53
0 79
0 67
0 56
1 63
0 44
1 78
1 98
0 55
0 96
1 89
1 47
0 88
1 71
1 72
0 21
1 29
1 12
1 55
0 95
1 93
0 97
1 22
1 56
1 39
1 64
0 64
1 4
0 10
0 22
1 87
0 63
0 51
0 58
0 11
0 39
0 47
1 9
1 49
0 29
0 77
1 97
1 57
1 43
0 4
0 84
0 72
1 50
1 20
0 89
1 2
0 71
0 52
1 10
1 15
1 6
0 10
1 52
0 31
1 66
0 78
0 6
0 43
0 83
1 26
0 75
1 3
0 20
0 57
1 82
1 28
1 17
0 54
0 28
1 43
0 98
1 96
0 17
0 56
1 27
0 76
1 20
1 54
1 7
1 28
0 66
0 96
0 20
1 44
0 27
0 50
1 45
0 93
1 71
0 9
0 43
1 76
1 93
1 34
1 50
0 92
0 7
1 89
1 81
1 20
0 50
1 32
0 49
1 83
0 81
0 93
0 44
0 82
1 22
0 45
0 83
1 4
0 52
1 23
0 23
0 26
1 44
1 61
1 81
0 2
0 3
0 15
1 3
0 3
1 48
1 43
0 22
0 20
1 88
1 17
0 4
0 12
0 32
0 97
0 55
0 71
1 50
0 81
0 53
1 62
0 88
0 54
0 76
0 43
0 34
0 89
0 62
1 65
0 28
0 48
0 65
0 44
0 61
0 17
0 87
0 50
1 25
1 94
0 94
1 91
1 41
1 11
0 25
0 91
0 41
1 3
1 72
0 3
1 92
1 20
0 20
1 33
1 32
1 17
1 91
1 12
1 76
1 86
1 93
0 32
1 15
1 13
0 17
0 33
0 92
1 36
1 52
1 82
0 36
0 72
1 14
1 94
0 76
0 15
1 57
0 93
1 15
0 91
1 29
1 16
1 61
1 80
0 57
1 30
1 21
1 37
0 82
1 65
1 69
1 4
0 69
0 80
0 15
1 38
1 15
1 34
1 31
0 31
1 22
0 13
0 14
1 68
1 95
0 95
0 38
1 76
1 87
0 22
1 27
1 64
1 31
1 38
0 29
1 6
1 77
0 15
1 60
1 2
1 79
1 39
0 12
0 39
0 37
1 83
0 87
0 86
0 34
1 49
0 31
0 38
1 18
1 90
0 60
1 34
0 94
1 56
0 49
1 66
0 30
0 83
0 64
0 6
0 66
0 18
0 90
1 35
0 21
1 74
0 35
0 74
0 56
1 88
0 4
0 2
0 34
0 27
0 52
1 34
1 93
1 29
1 56
1 80
0 11
0 77
1 24
1 66
0 88
1 49
1 99
1 5
0 65
1 77
0 56
0 61
1 67
1 17
1 47
0 34
1 34
1 78
1 90
1 69
1 7
1 50
0 50
1 83
1 70
0 80
1 8
0 99
1 44
0 7
1 54
0 17
1 55
1 36
0 55
1 50
0 67
0 70
1 92
0 76
0 66
0 79
1 62
0 54
0 49
1 15
1 85
1 64
0 29
1 17
0 5
0 78
1 48
1 5
1 9
0 64
1 2
1 18
0 69
1 30
0 16
1 60
0 30
1 31
0 24
1 35
1 1
1 69
0 69
1 94
1 61
0 35
1 52
0 68
0 92
0 93
1 68
0 5
0 48
0 85
0 47
0 34
1 7
1 59
0 68
0 90
0 94
0 31
0 15
1 45
0 60
0 1
1 84
0 61
0 7
1 26
0 50
0 2
0 83
0 84
0 17
0 26
0 36
1 42
1 82
0 18
0 52
0 45
1 64
0 62
1 80
1 83
1 100
1 19
0 82
1 12
0 8
1 13
1 50
0 64
1 61
0 61
1 14
1 55
1 66
0 77
0 13
1 4
0 44
1 43
1 82
1 47
1 16
0 47
1 75
1 47
0 12
0 66
1 29
0 29
0 4
0 82
0 42
1 89
0 9
1 34
0 19
0 55
0 75
0 50
0 43
0 59
1 36
1 49
1 64
0 100
1 50
1 68
0 14
0 64
0 47
0 49
0 89
0 68
0 50
0 83
0 16
0 34
1 63
0 36
1 87
1 96
0 63
1 17
1 88
0 88
1 94
1 61
1 91
0 61
1 29
0 91
1 16
0 96
1 76
0 76
0 16
1 40
1 95
0 17
0 80
0 87
0 40
0 94
0 29
0 95
1 43
0 43
1 75
0 75
1 69
0 69
1 29
0 29
1 72
0 72
1 12
1 28
0 28
1 32
1 57
1 13
1 67
0 12
1 72
0 13
1 92
1 68
1 46
0 57
1 9
1 50
1 19
1 16
1 49
0 32
0 50
0 68
0 19
1 14
1 90
0 16
1 10
1 65
0 10
0 67
1 75
1 93
1 35
0 49
0 9
0 92
1 86
1 64
1 6
0 93
1 15
0 14
0 64
1 63
1 70
1 30
1 91
1 98
1 25
1 62
1 100
1 66
1 37
1 38
0 65
1 64
1 24
0 66
0 64
1 23
0 37
1 13
1 39
1 26
0 30
0 91
0 25
0 62
0 39
0 90
0 23
1 33
0 38
0 13
0 24
1 80
1 44
1 43
1 48
0 44
0 26
1 9
0 75
1 45
0 86
1 69
0 70
1 21
1 84
1 34
0 6
0 63
0 80
1 28
1 95
1 85
1 90
1 99
1 11
0 11
1 47
1 93
0 45
0 28
0 69
0 46
0 34
0 95
0 33
0 21
0 98
0 99
0 47
0 93
1 75
0 90
0 72
1 7
0 15
0 100
0 9
1 4
1 29
0 85
1 8
0 43
0 7
0 4
1 24
1 58
1 68
0 35
0 84
0 48
1 91
0 29
0 91
0 58
0 68
0 75
1 75
1 61
1 51
0 51
1 5
0 8
1 50
1 57
1 9
0 9
1 51
1 74
1 70
0 61
1 45
1 88
1 30
1 16
0 5
1 65
0 51
0 75
1 71
0 57
1 21
0 65
0 50
1 56
1 69
1 2
1 84
1 37
0 84
0 16
0 37
0 88
1 35
0 74
0 70
0 56
1 49
1 76
1 32
1 67
1 92
1 4
0 71
1 57
0 67
0 32
0 76
1 80
1 47
0 21
1 84
0 84
1 33
1 68
0 47
1 46
0 35
1 31
0 24
1 18
1 86
1 20
1 6
1 15
1 84
0 6
1 25
0 25
1 53
1 16
1 35
0 31
1 55
1 21
0 2
1 51
0 84
1 22
1 67
0 21
1 58
1 1
1 31
1 52
1 36
0 33
0 22
0 80
0 52
1 89
0 36
0 89
0 55
1 32
1 7
0 45
1 22
0 67
0 16
1 19
1 38
0 58
1 8
0 86
0 4
0 8
1 26
0 7
0 53
1 62
0 31
1 52
1 45
1 86
1 13
0 20
1 76
1 75
0 13
0 26
1 10
0 19
1 63
0 46
1 98
1 16
1 95
1 31
0 69
0 62
0 75
0 30
0 1
1 61
0 76
1 9
1 20
0 98
0 20
1 4
1 80
1 76
1 64
1 53
1 11
0 57
1 69
0 86
1 54
0 18
0 15
1 46
1 70
1 85
1 47
0 52
0 76
1 17
1 86
0 95
0 17
0 9
0 4
0 35
1 97
0 70
1 74
1 65
0 68
1 35
1 83
1 5
1 68
1 96
1 91
0 47
