1000
1 3
0 3
1 15
1 38
0 38
1 84
1 34
1 80
1 46
1 43
1 10
1 85
1 18
0 10
1 86
1 66
1 67
1 95
0 46
0 18
1 54
0 67
1 46
1 28
0 15
1 42
1 68
0 42
0 68
1 72
1 40
0 84
0 46
0 72
1 65
0 85
1 11
0 86
0 43
1 84
1 27
0 95
1 1
1 88
0 1
1 94
1 9
1 31
0 94
1 7
0 34
1 46
1 89
1 29
1 100
1 26
1 38
1 22
1 1
0 29
0 22
1 71
1 70
1 41
1 16
0 65
1 47
0 89
1 60
0 71
0 1
1 13
0 26
1 53
0 13
1 97
1 10
1 39
0 47
1 29
1 32
0 60
0 16
1 12
0 70
1 42
1 49
0 11
1 92
0 53
0 28
1 30
1 76
1 75
1 11
1 37
1 61
0 27
0 97
1 90
1 82
0 40
0 42
0 76
1 94
0 11
0 100
0 84
1 62
0 90
0 41
1 72
0 88
1 85
1 40
1 33
1 4
0 92
0 9
0 61
0 94
1 61
1 70
1 48
0 54
0 32
1 55
1 84
0 82
1 19
1 2
1 73
0 40
1 3
0 29
1 76
0 72
0 76
0 85
0 30
0 66
1 87
1 81
1 100
0 46
0 55
0 4
0 31
1 92
0 92
1 85
0 61
0 39
1 27
0 85
1 92
0 37
0 48
0 75
1 93
0 93
0 84
0 19
1 93
1 42
1 74
0 12
1 5
0 10
0 70
0 81
0 3
1 81
0 81
0 33
0 2
0 27
0 42
0 100
1 67
1 86
1 8
0 8
0 86
0 74
1 20
1 13
0 5
1 2
0 49
0 80
1 30
0 62
0 7
0 73
1 3
1 61
1 14
0 14
1 21
1 42
1 96
0 2
0 61
1 16
0 87
1 12
1 15
0 93
1 39
1 43
1 76
1 34
0 39
1 54
1 45
1 2
1 17
1 79
0 17
0 20
1 69
1 63
0 79
1 99
1 24
1 39
1 64
0 2
1 1
0 42
0 34
0 12
1 51
1 36
1 73
1 5
0 5
1 22
1 27
1 37
0 67
1 77
0 76
1 40
1 70
1 56
1 17
0 77
0 39
1 85
0 21
0 45
0 43
0 40
0 15
1 10
1 78
0 54
1 100
0 78
1 35
1 59
0 38
1 94
0 16
0 64
0 1
1 11
1 40
1 52
1 86
1 38
1 75
0 52
0 24
0 92
0 94
1 58
0 96
0 13
0 3
1 31
1 19
0 73
0 36
0 37
1 53
1 13
1 1
1 92
0 1
1 93
0 75
0 86
1 41
1 79
0 51
0 13
0 85
0 10
1 61
1 94
0 17
0 11
0 41
1 21
1 72
1 50
1 52
0 53
1 88
0 88
1 20
1 1
1 2
1 64
0 63
1 60
1 82
1 23
0 38
0 79
1 76
0 60
0 27
0 56
0 61
1 74
0 70
1 84
1 17
0 58
0 64
0 17
1 13
1 85
0 76
0 82
0 59
1 98
1 67
0 50
1 36
1 32
0 74
1 87
0 92
0 67
0 35
1 60
1 26
1 80
0 13
0 52
1 70
1 83
1 67
0 87
0 23
1 81
0 21
1 27
1 25
1 37
0 98
0 37
0 94
0 72
0 100
0 26
0 70
1 8
1 39
1 77
0 40
1 29
0 83
0 20
0 2
0 32
1 40
1 94
1 82
1 6
1 14
0 8
0 99
1 51
1 42
1 92
0 92
0 29
1 37
0 51
1 54
0 31
1 20
0 22
0 36
1 28
0 82
1 38
1 91
1 35
1 82
0 85
1 63
1 31
0 27
1 15
0 67
1 41
0 28
1 33
1 28
1 88
1 22
0 33
1 57
1 99
1 90
0 54
0 14
0 37
1 73
0 80
0 25
0 30
1 71
1 100
1 24
0 1
1 87
1 92
1 89
1 4
1 68
0 73
1 16
0 60
1 32
0 87
1 83
0 24
1 36
0 89
0 81
0 84
1 64
1 72
1 54
0 4
1 4
0 22
0 15
0 36
0 88
0 83
1 62
0 19
0 4
1 70
0 99
0 93
0 69
0 68
0 32
0 39
1 95
0 28
0 42
0 54
0 35
1 59
1 45
1 54
0 95
1 93
0 64
1 1
1 64
1 65
0 70
1 67
0 100
1 97
0 45
1 17
0 92
0 17
1 5
1 17
0 63
1 7
1 8
0 77
1 32
1 47
1 11
1 4
0 4
0 11
1 80
0 7
1 13
0 1
0 59
1 7
1 66
0 66
0 97
0 57
1 27
0 32
1 88
1 97
1 68
1 9
1 4
0 13
0 68
0 97
1 28
1 19
0 7
0 62
1 78
1 86
0 54
0 82
1 73
0 64
1 7
0 78
0 4
1 92
1 10
0 72
0 10
0 8
0 20
0 17
1 60
0 92
0 91
1 29
0 38
0 27
1 43
0 28
1 10
0 86
0 94
1 32
0 10
1 96
1 81
0 88
0 5
0 47
1 42
0 40
0 41
1 26
0 26
1 33
0 80
0 93
1 68
0 6
0 32
1 56
0 42
0 65
1 59
0 68
0 16
1 35
0 90
0 59
0 96
1 78
0 56
1 39
0 31
0 71
0 67
1 58
1 66
1 32
1 91
1 93
1 80
1 94
0 94
0 91
0 7
1 6
1 14
0 32
0 66
0 35
1 54
0 29
0 60
0 19
1 4
1 15
1 37
1 90
1 2
1 22
1 51
0 80
0 43
1 16
0 78
1 67
0 9
0 33
0 54
1 52
1 32
0 67
1 53
1 31
0 37
0 39
0 2
0 93
0 15
0 31
0 22
1 11
0 11
1 28
1 83
1 18
1 12
0 52
0 32
0 14
0 16
0 18
1 68
1 50
0 51
0 90
0 83
1 27
1 69
0 68
0 73
1 7
0 81
0 53
1 75
1 76
1 9
1 67
1 95
0 69
0 50
1 62
1 59
1 97
1 77
1 43
0 6
0 76
0 43
1 72
1 31
0 7
1 29
1 64
1 92
1 43
0 43
1 57
1 6
1 85
0 28
0 72
0 12
1 19
0 58
1 60
0 67
0 27
1 46
1 76
1 18
0 9
0 57
0 60
0 92
0 46
1 46
0 46
1 7
1 98
1 50
0 62
0 77
0 75
1 89
0 76
1 90
0 29
0 95
0 59
1 27
0 50
1 39
0 90
0 19
0 64
1 2
1 40
1 20
0 27
0 89
0 4
0 20
0 2
1 96
1 46
1 32
0 6
0 39
0 32
0 18
1 84
0 40
1 62
0 85
0 7
1 28
0 97
1 47
0 84
1 3
1 99
1 93
1 20
0 98
1 77
0 28
0 3
0 93
0 46
1 44
0 44
1 52
1 58
1 60
0 52
1 95
0 58
0 99
1 99
1 9
0 47
1 100
0 100
1 79
0 31
0 9
1 41
0 79
1 42
0 62
1 23
1 25
1 14
1 57
0 42
0 14
1 62
1 8
0 60
0 96
1 91
0 99
0 25
0 57
1 85
1 72
1 73
0 77
1 32
0 85
0 23
1 43
1 9
1 42
0 43
1 30
1 35
1 74
0 8
0 72
0 95
0 91
1 99
1 31
0 9
1 63
1 83
0 41
0 74
0 99
1 81
1 51
1 64
1 66
0 81
1 82
1 34
1 67
0 51
0 35
0 32
1 7
0 20
0 34
0 42
1 14
1 41
1 39
0 73
1 85
0 14
0 41
1 55
1 13
1 68
0 85
1 92
0 7
0 66
0 63
1 5
0 83
0 62
1 65
0 13
1 48
1 14
1 26
1 59
1 84
1 69
1 36
1 27
1 53
0 67
0 64
0 5
1 38
1 60
1 15
1 34
1 76
1 93
1 37
0 48
1 81
0 81
0 55
0 53
1 77
0 30
0 38
1 83
0 39
0 83
0 77
1 24
0 27
0 31
1 52
0 69
1 94
0 65
1 78
1 53
0 94
0 26
1 19
0 92
0 19
1 25
1 56
0 52
0 76
0 84
0 14
0 68
0 60
0 78
0 25
1 88
0 24
1 83
1 72
0 56
1 3
1 16
0 16
1 84
1 24
1 71
0 24
1 81
0 34
1 90
0 88
1 22
1 29
1 89
0 15
1 10
0 29
0 37
0 83
0 82
0 90
1 4
0 81
0 36
0 84
1 97
0 89
0 59
1 65
0 53
1 30
1 34
1 56
0 4
0 22
1 7
1 67
0 71
1 80
1 90
0 97
1 31
0 56
1 51
1 32
0 31
0 72
1 69
1 25
0 51
0 10
1 98
1 74
1 64
0 3
0 64
1 3
1 89
1 79
0 65
0 34
0 30
0 90
0 74
0 93
0 69
1 97
0 7
1 61
1 22
0 98
1 52
1 68
1 90
1 99
1 78
0 52
1 92
1 74
1 43
1 30
1 76
1 88
0 25
1 81
1 5
0 76
0 32
0 89
0 74
0 78
