1000
1 81
1 12
0 81
1 18
1 84
1 61
0 18
0 84
1 48
0 61
0 48
0 12
1 49
0 49
1 18
0 18
1 34
0 34
1 64
0 64
1 40
0 40
1 23
0 23
1 82
1 36
1 45
1 91
1 96
0 45
0 91
0 82
0 36
0 96
1 31
0 31
1 64
1 90
0 90
0 64
1 50
1 70
1 12
0 12
1 27
1 75
0 70
1 30
1 21
1 4
0 75
0 4
1 69
0 50
1 5
0 27
1 3
0 30
1 4
0 5
0 69
1 66
1 84
0 66
0 84
0 3
1 93
0 21
1 47
1 46
0 93
0 46
0 47
0 4
1 93
1 74
1 79
0 93
0 79
0 74
1 40
0 40
1 31
0 31
1 60
1 55
1 51
1 43
1 64
0 55
1 52
0 60
1 42
0 51
1 69
1 53
1 99
0 99
1 19
0 69
0 43
0 53
0 52
1 23
0 42
0 64
1 56
1 81
1 35
0 56
1 51
1 3
1 24
1 34
1 10
0 34
1 38
1 96
1 34
0 24
1 60
0 81
1 31
0 3
1 11
0 96
0 23
1 91
1 56
1 90
0 11
1 89
1 99
0 90
0 10
1 83
1 79
0 79
1 84
1 75
0 51
0 83
0 31
1 32
0 84
1 4
1 90
1 47
1 5
1 66
1 33
0 34
0 5
0 47
0 91
0 33
0 60
1 65
0 56
1 26
0 26
1 49
0 66
0 65
0 89
1 10
0 49
1 11
1 100
0 19
0 4
0 32
0 90
0 38
1 22
0 11
1 80
1 92
0 80
0 35
1 91
1 38
1 42
0 75
1 59
0 92
1 27
0 100
1 21
1 98
1 13
1 28
0 38
0 21
0 98
0 91
1 65
1 15
1 49
1 75
1 5
0 59
1 23
0 22
1 82
0 65
1 58
0 23
1 19
1 72
0 10
0 13
1 73
0 28
0 73
1 39
1 67
0 5
1 57
1 85
1 30
0 19
1 76
1 83
0 58
1 17
1 43
0 82
1 34
1 73
0 76
0 17
1 54
0 27
1 50
0 43
1 68
0 68
1 90
0 72
1 93
1 72
0 75
1 55
0 90
1 96
1 59
1 36
1 44
0 59
1 40
1 87
0 87
1 100
0 36
1 43
0 55
1 6
0 96
0 93
1 88
1 89
0 50
1 50
0 85
0 6
0 44
1 56
1 69
1 58
1 46
0 42
1 51
1 86
1 25
1 60
0 89
0 72
0 100
0 57
0 50
1 100
1 65
0 99
1 66
1 6
1 13
1 61
0 83
1 33
1 18
0 54
0 15
1 38
1 26
1 28
1 9
1 31
0 86
1 23
0 100
1 41
0 40
1 35
1 70
0 23
0 43
1 43
0 70
1 59
1 85
0 30
1 62
1 53
1 1
0 53
1 63
1 8
0 28
1 45
1 42
0 13
1 5
0 25
1 32
0 85
1 40
1 98
0 58
1 74
1 68
0 88
1 77
0 35
0 98
0 34
0 68
0 33
1 55
1 44
1 75
1 96
0 18
1 83
1 92
0 39
0 83
0 1
1 57
0 42
1 47
0 51
0 63
1 99
1 33
1 78
1 72
1 97
0 31
0 73
0 97
0 67
0 40
0 43
1 48
0 62
1 90
1 85
1 97
1 29
1 50
0 33
0 5
0 77
1 95
0 97
0 56
0 8
0 59
0 85
0 60
1 53
1 97
0 90
1 54
1 76
1 3
0 97
1 52
1 51
0 75
1 98
1 1
1 56
0 57
1 39
0 95
0 47
0 65
0 92
1 87
1 79
0 69
0 50
0 45
1 18
1 15
0 53
0 72
0 3
1 70
1 94
1 2
1 27
1 100
1 45
0 52
1 47
1 50
0 50
0 18
0 32
1 18
0 98
1 40
1 30
0 30
1 57
0 55
0 2
0 39
0 94
1 75
0 48
1 14
1 48
1 59
1 53
1 64
0 70
0 57
0 51
0 76
0 54
0 74
0 29
0 38
0 48
1 28
0 66
0 45
1 60
0 78
1 45
0 96
0 56
0 100
0 60
1 22
1 58
1 23
1 4
1 48
1 66
0 64
1 96
1 68
0 15
1 95
0 53
0 27
1 50
1 13
1 7
1 72
0 23
1 12
0 18
0 46
1 91
1 36
0 14
0 72
0 75
0 1
0 44
1 93
1 1
0 4
1 63
0 1
1 76
1 97
0 50
1 62
1 94
0 79
1 24
0 6
1 14
1 86
1 54
0 54
1 8
1 4
1 73
0 87
0 93
0 40
0 61
1 60
1 61
0 28
1 83
1 75
1 23
1 64
0 60
1 25
0 45
1 5
1 80
0 25
0 91
1 98
0 47
1 65
0 68
0 98
1 81
0 5
0 86
0 94
1 6
0 75
1 54
0 95
0 99
0 9
0 58
0 36
1 53
1 46
0 14
0 24
1 82
0 82
1 82
1 67
0 49
1 77
1 95
0 53
1 74
1 9
0 7
1 10
1 71
1 21
0 80
0 74
1 27
1 78
1 32
1 14
0 78
1 28
1 74
1 49
1 39
0 48
0 9
0 6
1 7
1 9
1 47
0 62
0 26
0 81
1 78
1 3
1 85
1 84
0 27
0 78
0 41
1 69
1 98
1 35
1 6
1 56
1 40
0 28
1 55
1 5
1 68
0 71
0 23
1 70
0 21
1 50
1 91
1 11
0 9
0 4
0 68
1 25
0 35
0 8
0 3
1 20
0 7
1 16
1 33
0 54
0 84
0 46
0 82
0 12
0 65
0 76
1 89
0 16
0 59
0 10
0 69
0 97
1 41
0 73
1 92
1 60
1 94
0 60
0 39
1 17
1 51
0 89
1 36
0 70
1 48
0 51
1 57
1 19
0 83
1 69
0 55
1 65
1 62
1 34
0 11
0 63
1 51
0 20
1 59
1 97
1 100
1 42
1 39
1 35
0 64
0 35
1 7
0 19
1 99
0 51
1 70
0 77
1 35
0 48
0 97
1 51
0 94
1 1
1 37
0 39
1 43
1 24
0 56
1 72
0 14
0 57
0 34
1 68
1 60
0 72
1 63
1 45
0 100
0 63
1 71
1 11
1 39
1 10
1 72
1 83
0 49
0 41
1 23
1 93
0 35
0 68
0 72
0 39
1 68
0 51
1 4
1 12
1 34
1 14
0 14
0 47
0 32
1 51
0 23
1 76
1 23
1 49
1 20
1 16
0 25
1 48
0 22
0 1
1 89
1 52
1 72
0 59
0 49
1 53
1 73
1 82
0 17
0 50
0 48
0 89
1 94
1 1
0 34
1 48
1 75
1 54
1 59
0 43
0 82
1 35
1 50
0 61
0 72
0 1
1 14
1 72
1 61
0 96
1 77
0 51
1 29
1 55
0 59
1 63
0 45
0 12
1 21
0 50
1 9
0 14
0 10
1 96
0 16
1 78
0 67
1 88
1 30
1 14
1 97
0 21
0 75
0 74
1 56
0 48
1 100
1 38
0 29
1 34
1 47
0 73
1 39
1 43
0 40
1 49
0 37
1 37
1 73
1 44
0 85
1 1
1 57
0 54
0 78
0 6
0 43
1 17
0 94
0 73
0 66
0 65
1 90
1 40
1 66
1 82
1 45
0 96
0 98
0 1
0 63
1 94
0 45
0 56
0 93
0 30
0 83
0 4
0 53
1 93
1 53
0 99
0 100
1 78
1 41
0 49
1 63
0 94
1 67
1 6
0 17
1 2
1 4
0 57
0 77
0 36
0 13
0 52
0 92
0 66
1 12
0 9
1 10
1 36
0 12
1 3
0 71
0 67
1 51
0 76
0 36
0 7
0 41
1 43
1 7
0 2
0 51
0 72
0 43
1 86
0 97
1 75
1 8
1 79
1 85
0 62
0 90
0 7
0 24
1 87
1 96
1 77
0 87
1 41
0 78
0 95
0 63
1 43
1 62
0 88
0 61
0 35
1 26
1 24
0 10
1 87
1 45
0 23
1 64
0 93
1 71
1 94
1 22
0 96
0 33
0 42
1 76
1 98
0 79
0 37
1 46
1 58
0 38
0 34
0 91
0 77
0 85
0 6
0 87
1 77
1 63
1 21
0 40
1 25
0 60
0 11
0 58
1 91
1 92
1 19
0 21
1 42
1 66
1 27
1 28
1 30
1 33
1 10
0 3
1 48
0 86
0 25
1 95
1 12
0 4
0 98
1 87
0 75
1 32
0 76
0 92
1 56
0 43
1 92
0 45
0 64
0 82
1 4
0 39
0 14
1 38
1 31
1 39
0 70
0 32
0 91
0 77
1 43
0 95
0 31
1 31
0 10
0 53
0 94
0 47
1 6
0 38
1 77
1 54
0 62
0 48
0 27
1 32
0 66
1 89
0 26
0 77
1 62
0 44
1 26
1 67
0 63
1 57
0 33
1 58
1 27
1 66
1 63
0 62
1 17
1 59
1 37
1 29
0 26
0 68
1 16
1 88
