1000
1 9
0 9
1 79
1 38
1 39
0 79
0 38
1 5
1 84
1 32
1 7
0 39
1 34
1 15
1 29
0 29
1 65
0 15
1 9
0 9
1 14
1 89
0 32
0 5
1 66
0 89
1 41
1 76
0 7
0 76
0 34
1 28
1 7
1 32
0 32
1 67
1 40
1 21
0 7
0 65
0 21
0 40
0 14
1 90
0 66
0 41
1 100
0 67
1 42
1 1
1 51
1 96
1 4
0 1
0 90
1 71
0 4
0 96
1 14
0 84
0 71
1 39
1 32
1 12
0 51
1 35
0 32
0 28
0 14
1 10
1 24
1 68
0 68
1 56
0 10
0 35
1 10
1 66
1 4
0 12
0 24
0 39
1 45
0 4
1 21
0 100
1 2
1 71
1 87
1 99
0 99
1 88
1 68
0 21
0 42
0 56
1 35
1 50
1 54
0 2
1 58
0 71
0 35
0 68
1 55
1 59
1 69
1 51
1 15
1 98
0 54
1 73
0 51
0 69
0 59
0 15
0 50
0 10
1 86
1 64
1 91
1 20
1 83
1 50
0 91
0 98
1 29
0 86
1 76
0 58
0 83
1 98
0 88
1 62
1 48
0 50
0 73
0 29
1 93
1 63
0 63
1 47
1 86
1 14
0 93
1 74
0 14
0 66
0 98
0 55
0 62
1 73
0 87
1 68
1 95
0 20
1 57
1 96
1 53
1 94
1 46
0 48
1 26
0 96
1 87
0 95
0 47
0 68
1 40
1 75
1 33
0 73
0 74
1 54
0 64
0 86
0 40
1 13
0 75
0 26
1 98
0 45
1 26
0 94
0 13
1 28
0 57
1 55
0 46
0 33
1 36
0 26
0 36
1 85
1 51
0 98
0 85
0 87
0 55
0 54
0 51
0 76
1 4
0 28
0 4
0 53
1 33
1 24
0 24
0 33
1 62
0 62
1 62
1 38
0 38
1 89
0 62
1 45
0 45
1 48
0 89
1 9
1 2
1 39
1 15
1 90
0 2
0 48
0 90
0 15
1 45
0 45
1 43
0 9
0 39
0 43
1 33
1 100
0 100
0 33
1 94
1 77
0 77
0 94
1 84
1 60
0 60
1 71
0 71
1 21
1 44
1 81
0 84
0 44
1 82
1 68
1 48
1 70
0 48
0 68
0 81
1 32
1 71
0 82
1 17
0 32
0 21
1 37
0 37
0 17
0 71
0 70
1 13
1 55
1 52
0 55
1 11
1 69
0 69
0 52
1 67
1 8
1 10
1 61
1 1
0 11
0 8
1 23
1 56
0 10
0 67
0 23
0 56
1 66
1 46
1 9
0 46
1 45
1 4
1 94
1 18
0 13
1 40
0 94
1 34
1 99
1 80
0 45
1 11
1 85
1 56
1 17
1 3
1 69
1 39
1 88
0 40
1 49
1 100
1 27
0 100
0 99
0 88
0 34
0 85
1 28
1 5
1 30
0 1
0 80
0 5
0 4
1 7
1 19
0 61
1 22
0 27
0 3
0 49
0 28
1 14
0 69
1 24
0 19
0 66
0 11
0 9
1 74
1 12
0 56
1 75
0 30
1 23
0 7
1 66
1 69
1 42
0 22
0 17
0 14
1 20
0 23
0 74
0 39
1 14
1 64
1 95
1 6
0 95
1 17
1 44
1 10
1 22
1 7
0 14
0 17
1 92
0 66
0 24
1 33
0 75
0 33
0 42
1 47
0 10
0 18
0 20
0 92
0 69
1 49
0 49
0 64
0 47
1 55
0 12
1 59
0 59
1 52
1 96
1 87
0 7
0 6
1 56
0 55
1 6
1 58
0 56
1 82
1 73
0 44
1 68
1 12
1 62
0 6
1 19
0 82
1 27
1 38
1 34
0 87
0 73
1 13
1 90
0 22
1 6
0 19
1 86
0 86
0 90
0 6
1 98
0 98
0 12
0 96
1 28
0 13
1 75
1 2
1 76
1 67
1 29
0 27
1 55
0 38
1 35
1 100
1 33
1 72
0 2
1 32
0 68
1 46
0 100
0 46
0 55
0 67
0 34
0 28
1 49
1 65
1 28
0 52
1 53
0 65
0 75
1 59
0 76
1 43
1 78
0 29
1 26
1 47
0 72
0 58
1 96
0 53
0 32
1 55
1 27
0 49
1 34
0 55
1 7
0 62
0 34
1 93
0 43
1 94
0 35
0 33
1 56
1 98
0 27
1 25
0 28
1 53
1 57
1 35
0 59
0 53
1 95
1 82
1 45
0 45
0 35
0 96
0 7
0 25
0 95
1 2
1 74
1 3
1 9
1 5
0 47
0 94
1 8
1 64
1 43
0 8
0 74
1 32
0 3
1 44
1 85
1 90
1 17
1 63
0 43
1 10
0 63
0 64
1 71
1 29
1 28
0 71
1 79
1 11
1 71
1 86
0 11
0 32
0 2
0 56
1 61
0 85
0 17
0 10
1 94
0 86
1 25
1 99
1 41
0 71
0 99
1 62
1 71
1 59
1 76
1 13
1 14
1 33
0 44
1 87
1 34
0 82
1 65
1 58
0 26
0 57
1 77
0 61
1 84
0 41
1 89
0 13
0 94
1 80
0 79
1 11
1 91
1 79
1 2
0 77
1 83
1 77
0 78
1 27
0 91
0 29
1 97
1 52
1 78
0 71
1 99
1 68
1 48
0 79
0 27
1 26
0 68
1 31
0 62
1 72
0 80
0 84
1 36
1 47
1 94
1 37
1 95
1 92
1 64
1 75
1 8
1 6
1 3
1 10
1 29
0 5
1 42
0 75
1 100
0 97
1 79
1 27
0 2
1 32
0 36
0 59
1 7
0 87
1 71
1 81
1 5
1 35
0 14
1 14
1 80
1 66
0 34
0 72
1 72
0 81
1 13
0 32
0 48
1 56
0 78
0 31
0 37
1 78
0 89
1 43
0 83
0 72
1 67
0 67
0 80
1 74
1 59
0 29
1 15
1 53
0 65
1 32
1 75
0 90
1 31
1 96
1 17
0 100
0 92
1 12
1 91
1 16
0 66
0 16
1 16
0 35
1 80
1 65
1 18
0 13
1 97
1 61
1 81
1 82
0 94
1 84
0 42
0 65
0 76
1 90
0 33
0 28
1 55
0 15
1 28
0 58
1 44
1 65
1 68
1 13
0 44
0 74
0 64
0 78
1 19
1 62
1 83
0 68
0 81
1 85
1 39
1 46
1 57
1 33
0 71
0 8
0 3
1 30
0 85
1 4
1 29
0 13
0 79
0 9
1 68
1 86
1 40
0 11
0 12
0 26
0 43
1 13
1 48
1 79
1 11
1 50
1 66
1 92
0 61
0 93
1 21
1 60
1 58
1 8
1 87
1 78
1 54
1 100
1 81
0 78
1 85
1 88
0 21
1 24
0 88
0 68
0 29
0 11
1 11
0 82
1 37
0 17
1 35
0 96
0 92
1 82
0 85
1 34
0 86
0 91
1 26
1 88
0 79
0 11
1 61
0 97
0 24
1 15
1 63
1 1
0 7
1 67
1 74
1 85
0 35
0 37
0 56
1 71
0 71
0 32
0 55
1 76
1 78
1 86
1 64
0 87
0 48
1 71
0 30
0 31
1 17
0 19
1 19
1 7
1 56
1 35
1 20
0 39
1 38
0 80
1 39
0 5
1 68
1 2
0 71
1 48
0 64
0 4
1 3
1 21
0 56
0 35
1 4
1 37
0 98
1 43
0 68
0 66
1 24
1 9
0 8
0 13
0 34
1 41
1 23
0 50
0 37
0 63
1 42
1 34
0 78
1 49
1 22
0 2
0 90
1 63
1 96
1 98
0 42
1 42
1 69
0 75
0 65
1 87
1 94
0 4
1 44
1 8
1 29
1 45
1 64
0 61
0 57
0 76
1 30
0 1
0 60
0 8
1 8
0 48
1 72
1 35
0 14
0 45
1 60
0 9
1 73
1 4
0 98
0 43
1 55
0 17
0 99
0 84
1 50
1 45
0 95
1 95
0 25
1 31
1 89
0 81
1 84
0 22
0 40
1 80
1 36
0 95
1 5
1 90
1 43
0 73
1 61
0 55
1 12
0 90
0 69
0 47
0 84
1 9
0 45
0 10
1 32
0 32
1 10
1 51
0 15
0 61
1 61
0 44
0 26
1 90
0 29
0 50
0 58
0 94
0 77
0 10
0 35
0 20
0 82
1 10
0 7
0 42
0 27
1 75
1 91
1 47
0 60
1 7
0 18
0 91
0 30
1 1
1 20
1 91
1 11
0 46
0 87
1 13
0 75
1 14
1 55
0 51
0 53
0 88
1 42
0 24
0 62
1 97
0 33
0 49
0 23
1 46
0 43
1 78
0 89
0 97
0 38
0 7
0 83
0 63
0 1
0 31
1 7
1 77
1 45
0 28
0 34
0 8
0 3
1 8
1 84
0 64
1 97
0 41
0 47
1 76
1 98
0 61
0 100
1 99
0 90
1 22
1 82
0 86
