1000
1 1
0 1
1 14
1 44
0 14
1 71
1 35
1 43
1 19
0 44
1 16
1 31
1 84
0 16
1 13
0 43
0 31
1 69
1 42
1 60
1 17
0 19
1 20
1 63
1 100
0 13
0 63
0 100
1 37
0 35
1 10
0 71
0 42
0 17
1 71
1 16
0 16
0 37
0 20
1 61
0 69
0 10
0 71
0 61
0 84
0 60
1 85
0 85
1 55
1 35
1 34
1 72
0 72
0 55
0 35
1 92
1 44
1 39
0 39
1 13
0 13
1 2
0 92
1 62
1 39
1 81
1 82
1 59
1 19
0 34
1 16
1 6
1 87
0 82
0 6
0 62
1 40
0 19
0 16
0 87
0 40
1 32
1 58
0 2
0 32
1 57
0 58
1 14
1 55
1 62
0 14
1 72
0 59
1 46
1 27
0 46
0 72
1 32
0 27
1 40
1 67
0 62
0 55
0 57
1 61
0 81
1 71
1 62
1 28
0 40
1 17
1 45
1 22
0 39
0 71
1 78
1 18
0 62
1 63
1 33
1 94
0 28
1 80
1 48
0 44
0 80
1 91
1 24
0 22
0 61
0 67
1 87
1 6
0 91
0 45
0 78
1 93
1 57
1 81
1 21
1 55
1 86
1 49
1 25
0 32
0 81
1 99
1 92
1 47
0 94
1 35
1 88
0 17
1 64
0 35
0 47
1 67
0 67
0 92
1 22
0 99
1 73
0 57
0 25
1 89
0 89
0 22
0 48
1 34
0 55
0 64
0 24
1 24
0 63
1 95
0 95
0 88
0 86
0 93
1 60
0 6
0 87
0 60
0 21
1 51
1 35
1 95
0 18
0 33
1 12
1 92
1 66
0 92
1 83
1 75
1 41
0 35
0 12
1 19
1 76
0 51
1 53
1 85
1 31
0 49
1 79
0 24
0 76
0 19
1 65
0 31
0 79
1 54
0 75
1 39
0 53
1 84
0 85
1 8
0 84
1 86
1 94
0 83
1 51
1 96
0 39
1 100
1 16
0 66
1 66
1 50
0 41
0 54
1 90
0 94
0 86
0 51
0 8
1 86
1 8
1 3
0 86
1 82
0 50
1 76
1 47
1 83
0 47
0 96
0 65
1 96
0 73
0 76
0 83
0 16
0 66
1 24
0 95
0 90
0 34
1 93
0 96
1 17
1 40
0 100
1 26
1 57
1 99
0 57
1 43
1 27
0 17
1 78
1 73
1 75
0 40
0 82
0 99
1 19
1 63
0 19
0 63
0 26
1 72
1 37
1 9
1 7
0 8
0 9
0 27
1 26
1 70
1 54
0 43
0 3
1 20
1 91
0 7
1 76
0 20
0 73
1 64
1 56
1 57
0 70
1 40
1 51
0 75
0 93
1 95
1 97
1 18
0 72
1 99
1 77
1 96
0 54
0 97
0 56
0 99
1 71
0 96
0 57
1 43
0 91
0 40
1 27
0 26
1 72
0 71
0 51
0 77
1 34
0 64
0 43
0 34
1 77
0 77
1 40
0 24
1 19
0 40
1 28
1 68
0 72
1 3
0 3
1 14
1 47
0 18
1 22
1 23
1 91
1 55
0 37
1 79
1 67
0 79
0 14
0 22
1 12
1 34
0 34
1 30
0 28
0 12
1 11
1 34
0 23
1 49
0 76
0 78
1 15
1 22
0 30
1 26
0 55
0 47
0 68
1 79
0 11
1 54
0 67
1 63
0 95
0 34
0 63
0 22
1 1
1 99
0 1
0 15
0 91
0 27
0 79
1 42
1 76
1 55
0 19
0 54
0 49
0 42
0 26
1 32
1 63
0 63
1 86
1 71
1 30
0 32
0 99
1 85
1 56
0 85
0 71
1 9
1 6
1 64
0 30
1 8
1 91
0 76
0 8
0 56
0 9
0 55
0 6
1 20
1 93
1 9
0 9
1 28
1 2
0 2
0 93
1 69
1 70
0 64
1 17
0 28
1 75
0 17
0 69
1 15
0 70
1 53
0 75
0 53
1 10
1 7
1 89
0 10
0 20
0 89
0 15
1 67
0 86
1 2
0 67
1 97
0 91
1 1
0 97
0 7
0 1
0 2
1 44
1 56
1 66
1 29
1 59
1 21
0 29
0 44
0 59
0 66
1 66
1 3
1 99
0 99
1 100
0 100
1 24
0 3
1 62
0 24
0 56
1 50
0 21
1 7
0 7
1 70
0 50
1 45
0 45
0 66
0 62
1 76
1 17
0 70
1 75
1 60
1 23
1 92
0 92
1 42
1 44
0 23
0 75
1 49
0 42
1 43
0 43
1 2
1 34
0 76
0 60
1 85
1 66
1 8
0 8
0 34
1 56
1 51
1 53
0 56
0 51
1 14
1 45
0 17
0 14
0 85
1 40
0 49
0 2
0 66
1 15
0 44
1 100
1 98
0 53
1 4
0 98
1 7
0 15
1 57
0 45
1 28
1 31
1 55
1 8
0 8
1 29
0 29
0 57
0 28
1 52
1 86
1 60
1 64
0 100
0 55
1 75
1 23
0 31
1 44
1 10
0 52
0 60
0 86
0 7
1 52
1 71
1 11
1 72
1 12
1 84
1 28
1 37
1 5
0 5
0 44
1 29
0 71
1 87
0 28
1 42
0 11
1 86
1 43
0 86
1 44
0 42
0 52
0 72
0 40
0 75
0 87
1 76
0 76
0 10
0 43
0 64
1 70
1 54
0 23
0 4
1 99
1 16
1 43
1 100
1 79
0 99
0 37
0 84
1 36
0 43
0 79
0 12
1 39
1 40
1 32
1 92
1 18
0 39
0 40
1 7
0 7
0 44
0 18
0 29
0 92
1 5
0 16
0 36
1 28
1 40
1 76
0 100
1 37
0 5
0 54
0 76
0 70
1 52
1 19
0 28
0 37
1 77
1 16
0 40
1 5
0 16
1 51
0 51
1 97
1 27
0 52
0 5
1 58
0 32
0 97
0 27
1 61
0 77
0 58
0 61
0 19
1 15
1 4
0 4
1 92
0 92
0 15
1 6
1 78
0 6
0 78
1 53
0 53
1 37
1 55
0 37
0 55
1 31
0 31
1 50
1 23
0 23
1 27
1 43
0 43
1 16
0 27
1 81
0 50
1 33
1 96
1 77
1 12
0 16
1 91
0 77
1 83
1 48
0 12
0 48
1 95
1 44
1 29
1 65
0 65
1 28
1 34
0 81
1 74
0 34
0 83
1 62
1 38
1 48
0 29
0 28
0 95
1 83
1 8
0 91
1 63
1 54
1 46
0 83
0 8
1 15
0 54
0 62
1 8
0 15
1 62
1 88
0 33
0 8
0 96
0 74
0 62
0 63
1 11
1 47
1 25
1 50
0 38
1 19
1 12
0 12
0 25
0 11
1 1
0 46
1 64
1 8
0 1
1 2
1 1
1 45
0 47
0 44
0 50
0 45
1 72
0 48
1 23
0 8
0 1
0 19
1 53
0 2
1 17
1 34
0 17
1 33
1 81
1 37
0 23
0 64
0 81
1 78
1 73
1 74
1 60
0 78
0 74
0 88
1 46
0 46
0 73
1 46
0 72
0 34
1 4
1 32
0 32
0 37
0 33
0 4
0 53
1 65
1 26
1 59
0 46
0 26
0 65
0 59
1 33
1 43
1 25
1 73
1 4
1 20
0 60
1 16
0 43
0 4
0 20
0 25
0 73
1 99
1 41
0 33
0 16
1 72
1 37
1 46
0 72
1 16
0 37
0 16
1 69
0 99
1 12
1 30
1 70
1 50
0 41
1 43
1 37
0 46
1 85
0 37
1 58
1 42
0 42
0 58
1 97
1 9
0 30
0 50
0 9
0 12
1 60
0 69
0 85
1 14
0 97
0 60
0 70
1 42
0 43
1 72
1 26
0 42
1 88
1 13
1 6
0 26
1 65
0 88
0 14
0 65
1 81
0 13
0 72
1 80
1 10
1 96
1 49
0 6
1 75
1 51
1 62
0 10
1 88
1 73
0 88
0 96
1 87
0 81
1 83
1 27
0 49
1 17
1 29
1 14
1 65
1 82
1 32
1 46
1 33
1 97
1 38
0 38
1 45
0 17
0 46
1 44
0 14
1 16
1 84
0 51
0 27
0 32
1 54
1 23
1 32
0 82
1 82
1 10
1 69
1 85
0 32
0 80
0 73
1 89
1 86
1 36
1 76
0 69
1 46
0 76
0 85
1 90
0 75
0 86
1 76
0 82
0 23
1 43
1 28
0 54
0 46
0 97
1 96
1 63
0 76
0 90
0 89
1 47
1 85
1 57
1 61
1 8
0 84
0 65
0 43
0 16
1 73
0 96
0 29
0 45
1 90
0 85
0 44
1 45
1 46
0 90
0 73
1 72
0 47
0 83
1 9
1 31
1 37
1 70
1 34
0 63
1 73
0 9
1 1
1 29
1 7
1 71
0 72
0 62
1 77
1 11
0 33
0 70
0 87
1 2
0 37
1 30
0 2
