1000
1 70
0 70
1 15
0 15
1 10
0 10
1 85
0 85
1 43
0 43
1 32
1 57
1 95
1 99
0 95
0 32
0 57
1 84
1 1
1 11
1 77
0 99
0 1
1 17
0 77
0 11
1 32
0 84
0 32
0 17
1 99
0 99
1 84
1 3
0 84
1 52
1 67
1 26
0 67
0 26
1 31
1 98
0 3
1 20
0 52
1 2
1 88
0 20
0 88
1 34
0 2
1 51
0 34
1 92
1 17
1 35
0 51
1 49
1 46
0 31
1 55
1 28
0 92
0 17
1 90
1 99
1 51
0 98
0 55
0 49
1 73
0 99
1 88
0 51
0 73
1 86
1 9
0 90
1 51
0 9
0 35
0 88
0 46
0 86
0 51
0 28
1 68
1 77
0 77
1 37
0 68
1 77
0 37
1 15
0 77
1 50
1 81
0 81
0 15
1 79
1 83
1 51
0 50
0 83
1 65
0 51
0 65
0 79
1 49
1 76
1 77
0 49
0 76
1 45
1 37
0 45
0 37
0 77
1 94
1 93
0 93
0 94
1 95
1 71
0 71
1 22
0 22
1 66
0 95
0 66
1 39
0 39
1 18
0 18
1 96
1 77
1 93
0 93
1 69
0 69
0 96
0 77
1 82
0 82
1 73
0 73
1 88
0 88
1 10
0 10
1 15
1 47
0 15
1 38
0 47
0 38
1 2
0 2
1 41
0 41
1 81
0 81
1 59
0 59
1 12
0 12
1 6
1 69
0 69
0 6
1 46
0 46
1 52
1 18
0 18
0 52
1 100
0 100
1 100
0 100
1 89
1 50
0 89
0 50
1 46
1 82
0 46
1 2
1 79
0 2
0 79
1 47
0 82
1 1
1 22
1 93
1 18
1 33
1 50
0 1
0 22
1 3
0 3
0 18
1 72
1 2
1 96
1 94
0 93
1 36
0 2
1 98
1 44
1 95
1 55
1 92
1 24
0 36
1 60
1 41
0 72
0 96
1 96
1 97
0 97
1 5
0 95
1 51
0 51
0 47
1 69
1 11
1 36
1 77
1 56
0 69
0 41
1 86
1 95
0 96
0 33
1 19
1 25
1 99
1 54
1 7
1 2
0 77
0 55
0 7
0 95
1 38
0 86
0 44
1 26
1 27
0 5
0 2
1 47
0 25
0 99
0 26
0 27
1 39
0 98
1 78
1 7
1 25
1 99
0 25
0 94
1 42
1 23
1 31
1 100
0 19
1 75
0 100
1 66
0 39
0 50
1 19
0 56
1 64
1 88
0 75
0 23
1 63
0 19
0 36
1 94
1 18
1 30
1 100
1 1
1 13
0 18
1 46
0 88
1 79
0 54
0 66
1 35
1 56
0 63
1 15
0 47
1 29
1 27
0 92
1 85
1 51
0 13
0 42
1 48
0 15
0 64
0 27
1 17
1 59
1 39
0 59
0 99
0 1
1 1
0 94
0 1
1 95
1 68
1 36
1 15
1 18
0 46
0 39
1 26
1 99
0 26
0 100
1 32
0 78
1 20
0 11
0 99
1 63
0 18
1 26
0 24
0 68
1 25
1 9
1 33
1 6
0 9
1 77
1 72
1 81
1 21
0 21
0 60
0 32
0 35
0 36
1 16
0 48
1 54
1 78
0 79
1 10
0 51
1 8
1 43
0 7
0 81
1 24
1 4
0 33
0 24
1 91
0 20
1 40
1 18
1 12
0 18
0 29
1 45
0 6
1 94
1 92
0 45
1 27
0 17
1 6
0 6
1 96
0 63
1 79
1 89
0 16
0 38
1 76
1 29
0 72
0 30
0 31
1 98
0 56
1 28
0 92
1 57
0 78
0 15
0 8
0 98
0 26
1 59
1 90
1 50
1 53
0 76
0 91
0 57
1 36
0 53
0 59
1 68
0 29
0 25
0 50
1 78
1 52
1 72
0 68
1 91
1 29
0 85
0 96
1 80
0 72
1 13
1 32
0 32
0 43
1 69
0 10
1 3
1 81
1 82
0 91
0 52
1 70
1 83
1 96
1 11
1 14
1 84
0 84
0 80
1 51
1 46
0 3
0 28
0 13
0 81
1 97
0 77
1 7
1 28
0 79
1 65
0 7
0 4
1 91
0 14
1 3
0 95
1 30
1 23
1 17
1 41
1 58
1 32
1 68
0 32
0 17
0 68
0 54
0 41
1 7
1 74
0 78
0 83
1 44
0 91
1 43
1 98
1 8
1 80
0 8
1 35
0 36
0 97
1 20
0 96
0 80
1 71
1 72
0 89
1 83
1 31
1 36
0 69
0 71
1 68
0 36
1 97
0 58
1 88
1 41
1 54
0 35
1 8
0 90
1 48
0 74
0 82
0 51
0 29
0 11
1 50
0 40
1 47
1 21
0 44
1 53
1 82
0 68
0 7
1 67
1 32
0 65
1 13
1 34
0 82
1 4
0 83
0 8
0 28
1 75
0 3
1 99
1 76
1 73
1 42
1 95
1 49
0 53
0 70
0 21
0 13
1 15
1 60
1 5
0 34
0 95
0 75
1 9
0 9
1 33
0 49
1 26
1 85
0 98
0 30
1 74
1 100
0 73
1 28
1 37
0 97
0 88
0 12
0 23
1 1
0 85
1 45
1 22
0 32
0 94
1 85
0 33
1 95
0 67
0 43
0 26
0 72
1 8
1 2
1 56
0 4
0 31
1 3
1 4
1 94
1 90
1 31
1 17
1 72
0 47
1 23
1 88
0 17
1 75
1 77
1 6
0 77
0 2
1 10
1 33
1 64
1 16
1 13
0 10
0 85
0 33
0 3
1 55
1 21
0 50
0 42
0 100
0 4
1 35
0 72
0 95
0 1
1 36
0 64
1 79
1 12
0 20
0 88
0 99
0 54
0 46
1 77
1 43
1 92
1 69
1 9
1 29
0 60
1 50
1 30
0 30
1 46
1 87
0 74
0 21
1 97
1 63
0 15
1 10
0 76
1 91
0 27
1 2
1 59
1 44
1 42
1 57
1 26
0 46
0 43
0 48
0 91
0 97
1 38
1 86
0 5
1 33
0 31
1 3
1 48
1 80
0 79
1 76
1 4
0 6
0 28
0 86
0 36
1 81
0 81
0 41
1 82
0 38
1 34
0 80
1 1
0 16
1 66
1 19
0 2
0 92
1 49
0 49
1 2
1 95
0 90
1 5
1 88
0 23
0 75
1 62
1 14
1 83
0 22
0 9
0 59
1 64
0 14
0 4
1 59
1 93
1 18
1 58
0 62
1 27
0 12
1 46
1 70
1 11
1 53
1 43
0 56
0 37
1 71
0 50
0 2
0 34
1 78
1 25
0 69
0 11
1 62
1 40
0 27
0 94
0 58
0 55
1 96
1 97
1 14
0 66
1 92
1 99
0 62
1 11
0 19
0 42
1 28
1 89
0 92
1 12
1 19
1 34
0 11
1 47
0 95
0 8
0 35
0 88
0 99
0 57
1 2
1 7
1 6
0 40
0 78
0 5
1 9
0 89
0 12
1 11
1 92
0 97
0 96
0 45
0 19
0 26
0 18
1 16
0 87
0 93
0 44
0 11
0 1
0 29
0 43
1 80
1 93
0 14
1 58
1 78
1 49
0 47
1 29
0 48
0 29
1 48
0 3
1 31
1 62
0 59
1 98
1 90
0 82
0 92
1 91
1 3
1 57
1 39
1 35
0 58
0 71
1 37
1 71
1 61
0 3
1 65
0 77
0 25
1 94
1 77
0 48
1 11
1 66
1 92
1 84
1 8
0 77
1 67
1 95
0 94
1 18
1 24
1 19
0 28
1 21
1 96
1 12
1 77
1 14
0 8
0 90
1 48
1 68
1 60
0 16
1 97
1 100
0 37
0 78
0 60
1 69
0 12
0 76
1 12
1 72
1 94
0 21
0 14
1 76
1 47
0 91
1 99
1 44
1 81
1 74
1 36
1 17
0 57
1 41
1 20
0 93
0 76
0 13
0 96
0 11
1 50
1 57
1 45
1 51
1 82
1 40
1 1
1 3
1 85
0 3
1 42
0 94
0 35
0 2
0 67
0 51
0 81
0 7
0 49
0 53
0 100
0 36
1 2
1 7
1 11
0 10
0 50
0 17
0 64
1 10
1 58
1 67
1 37
0 62
0 92
0 41
0 65
0 44
1 25
0 77
1 36
1 41
1 64
0 97
1 3
0 47
0 72
0 33
1 21
1 51
0 21
0 66
0 48
0 57
1 29
1 65
1 26
0 69
0 10
1 10
0 7
0 26
1 69
0 10
0 34
1 38
0 37
1 76
0 39
1 60
0 74
0 9
1 100
0 38
1 21
1 37
1 79
0 70
1 66
1 50
0 12
1 70
0 82
1 81
0 100
0 40
1 72
1 87
1 52
1 73
1 62
1 4
1 93
1 47
1 48
1 55
1 26
0 51
0 83
0 72
1 49
1 77
0 65
0 52
1 56
1 17
0 19
0 69
0 62
0 18
0 70
