1000
1 57
1 25
1 34
1 46
1 52
0 52
1 100
1 44
1 39
1 5
1 56
0 57
0 56
0 5
0 100
1 47
1 26
0 46
1 35
1 72
0 34
0 72
1 56
1 30
0 30
1 83
1 66
1 4
0 4
1 73
1 59
0 83
1 34
0 66
0 39
0 73
1 11
0 26
0 44
1 92
1 86
1 80
0 80
1 83
1 98
0 92
1 99
0 11
0 98
1 50
1 66
1 15
0 15
0 86
0 66
1 15
0 59
1 12
0 50
1 85
0 83
0 99
0 12
1 59
0 35
0 47
0 56
1 19
1 16
0 15
0 34
0 25
1 53
1 78
0 78
1 29
1 79
0 59
1 41
0 41
0 19
0 29
0 53
1 57
0 16
0 57
1 87
0 87
1 48
1 68
1 49
0 48
1 63
1 4
0 68
1 90
0 63
0 4
0 49
1 32
1 55
0 32
1 51
1 18
0 90
0 18
1 13
0 85
1 48
0 79
0 13
0 55
0 48
0 51
1 14
0 14
1 66
0 66
1 98
0 98
1 37
0 37
1 95
0 95
1 82
1 63
0 82
0 63
1 11
0 11
1 84
0 84
1 61
0 61
1 16
1 6
1 19
1 15
0 6
0 16
0 19
0 15
1 14
1 23
0 14
0 23
1 27
0 27
1 83
1 62
0 62
1 92
1 63
1 87
0 63
1 32
0 83
0 32
0 92
0 87
1 76
1 68
0 68
1 56
1 98
0 76
1 40
1 66
1 58
0 40
0 98
1 29
0 29
1 81
0 56
0 66
1 34
1 9
1 56
0 58
1 26
1 77
0 26
1 63
1 86
1 18
1 2
1 97
0 56
0 34
0 81
0 9
0 97
1 3
1 53
1 79
1 93
0 2
1 27
0 77
1 97
1 81
0 53
1 94
1 71
0 18
0 79
1 13
0 3
0 86
0 63
0 97
0 13
1 99
1 41
0 94
0 71
0 93
1 77
1 42
1 84
0 27
0 99
1 27
1 96
0 81
0 84
0 27
0 96
0 77
1 43
0 43
0 41
1 52
0 42
0 52
1 99
0 99
1 69
0 69
1 27
1 20
0 27
0 20
1 37
1 98
1 26
1 68
1 55
0 98
0 55
0 68
0 26
1 83
0 83
1 87
0 37
0 87
1 94
1 10
0 10
0 94
1 44
1 48
0 48
1 7
1 23
1 16
0 44
0 7
1 79
0 79
0 16
0 23
1 87
0 87
1 63
1 68
1 24
1 80
0 24
0 68
0 63
0 80
1 6
0 6
1 2
0 2
1 62
0 62
1 77
1 48
0 48
0 77
1 81
0 81
1 39
1 65
1 31
0 65
0 31
0 39
1 31
0 31
1 88
0 88
1 63
0 63
1 56
0 56
1 29
1 17
0 17
0 29
1 21
1 3
1 90
1 69
1 55
1 66
0 69
0 3
0 90
0 21
0 66
1 93
1 24
1 94
1 60
1 4
1 83
0 94
0 60
0 4
0 83
0 24
1 100
0 55
0 93
1 84
1 13
0 84
0 100
1 96
1 98
1 35
0 98
1 78
0 96
1 48
0 78
0 13
0 35
0 48
1 41
1 79
1 58
1 12
1 70
1 25
0 41
0 58
1 80
1 63
0 80
0 12
0 63
0 25
1 46
0 79
0 70
0 46
1 13
0 13
1 65
0 65
1 87
0 87
1 11
1 77
1 34
0 34
1 43
0 11
1 70
1 39
1 71
0 70
1 76
1 72
1 78
1 37
1 28
0 37
1 19
1 67
0 19
1 13
0 71
0 28
0 77
0 76
0 43
0 39
1 37
0 13
1 2
1 57
0 67
0 57
1 3
0 3
0 78
1 56
0 37
0 2
0 72
1 51
1 44
1 81
1 5
1 12
0 44
0 51
1 22
1 8
0 8
1 26
1 52
1 69
1 27
1 35
0 35
1 70
0 27
1 30
1 89
1 68
0 81
1 58
0 30
1 82
0 69
1 78
0 26
1 79
1 80
1 21
1 43
0 58
1 29
0 56
1 31
1 53
0 82
1 76
1 48
1 95
1 36
0 79
0 43
0 36
1 11
1 30
0 80
1 93
0 95
0 48
0 78
1 39
1 56
1 75
0 22
0 53
1 32
0 76
1 96
1 61
1 73
0 39
0 29
0 32
1 72
1 82
0 21
0 30
0 75
0 73
1 57
0 70
1 23
1 84
1 75
1 36
1 27
0 68
0 89
1 22
0 22
0 12
0 84
1 50
0 75
0 82
0 31
1 73
0 73
1 54
1 66
0 61
0 56
1 34
1 68
1 70
1 94
0 34
1 95
1 87
1 100
0 93
1 65
1 48
1 63
1 49
0 65
0 57
0 49
1 15
1 47
1 67
0 66
1 45
0 50
0 94
1 92
0 67
0 11
1 32
1 77
0 100
0 45
0 92
0 95
0 32
1 9
0 23
0 96
0 27
1 88
0 72
1 45
1 13
1 23
1 35
1 43
0 48
1 6
0 68
1 31
1 16
1 42
0 77
1 58
1 26
0 87
0 13
1 24
0 88
0 43
0 35
1 38
0 52
1 10
1 4
1 56
1 80
0 54
1 74
1 64
0 5
0 80
1 90
0 56
1 61
1 22
1 92
0 74
0 92
1 19
0 36
1 80
0 24
1 2
1 83
1 76
0 45
0 61
0 19
0 64
1 27
1 92
1 28
1 48
1 8
1 18
1 33
1 49
1 7
1 79
1 51
0 4
1 36
0 70
0 2
0 48
0 38
0 6
0 23
0 16
0 80
1 80
1 55
0 92
1 24
0 7
0 42
0 58
1 92
0 31
1 34
0 47
1 6
1 73
0 51
1 50
0 10
1 42
0 83
0 49
1 11
0 22
0 55
1 17
1 59
0 50
0 18
0 34
0 24
1 34
1 77
1 88
0 36
1 35
0 77
0 73
0 33
0 79
0 26
1 72
0 9
0 28
0 42
0 34
1 97
1 85
1 47
0 90
0 88
1 28
0 6
0 76
1 2
0 59
1 89
0 85
0 28
1 20
1 30
0 97
0 8
1 81
1 31
1 40
1 100
0 27
0 11
0 92
1 3
0 100
0 20
1 58
1 55
0 81
0 15
1 24
1 86
0 63
0 72
1 4
0 89
0 86
1 99
1 96
1 78
0 30
0 3
1 12
0 96
0 4
1 81
0 40
0 2
0 99
1 74
1 21
0 80
1 52
0 74
1 57
0 17
0 57
0 21
0 78
0 81
0 35
1 100
1 14
1 15
0 47
1 97
0 14
1 11
0 100
0 52
1 48
0 31
1 94
0 48
1 30
0 11
0 97
0 24
1 80
1 87
1 88
1 16
1 50
1 7
1 81
0 16
0 94
0 87
0 50
0 88
0 30
1 71
1 86
0 71
1 83
0 15
1 60
0 83
1 3
0 55
0 58
1 63
0 60
0 63
0 86
0 7
0 12
0 81
0 3
0 80
1 68
1 96
0 96
1 81
0 81
1 44
0 44
0 68
1 38
0 38
1 48
0 48
1 88
1 86
0 86
0 88
1 81
1 9
0 9
0 81
1 39
1 40
1 79
0 39
1 42
1 80
0 42
0 40
0 80
1 96
0 96
0 79
1 27
0 27
1 33
1 79
1 25
1 83
1 29
1 45
1 96
0 29
1 46
1 65
1 64
0 46
1 58
0 58
1 30
1 31
1 39
0 39
0 31
1 7
1 4
0 4
0 45
0 33
0 65
0 30
1 80
0 64
0 80
1 67
0 96
0 25
0 67
0 7
0 79
0 83
1 49
1 23
1 44
0 49
1 97
0 44
1 81
1 89
0 89
0 81
1 6
1 99
1 28
1 98
1 42
0 42
1 52
1 44
0 6
0 23
0 99
0 28
0 52
1 28
0 44
0 97
0 28
0 98
1 1
1 91
1 41
0 1
0 41
0 91
1 68
1 89
1 78
1 50
0 78
1 12
0 12
0 50
0 89
0 68
1 38
1 63
1 80
1 8
1 86
0 38
1 18
1 43
0 18
1 67
0 63
1 91
1 79
1 11
1 87
0 67
1 76
1 50
1 83
0 76
0 80
0 8
1 82
1 85
0 83
1 6
0 50
0 11
0 91
0 43
0 87
0 79
1 56
0 86
1 61
1 30
0 61
1 15
1 16
0 6
0 15
0 85
0 30
0 56
0 16
1 87
1 24
0 87
0 82
1 22
0 22
0 24
1 36
1 55
0 55
0 36
1 86
0 86
1 13
1 31
1 33
0 31
0 33
1 25
0 25
1 72
0 72
1 88
0 88
1 11
1 33
1 51
1 55
1 10
0 51
0 13
1 73
1 27
1 31
0 27
1 4
0 31
1 43
1 86
0 43
0 4
1 22
0 86
1 41
0 22
1 94
1 44
0 94
0 44
1 57
0 11
1 51
0 57
1 99
0 51
0 33
0 55
0 73
1 85
0 99
1 91
1 54
1 44
0 41
1 55
0 85
1 12
