1000
1 58
1 47
0 47
0 58
1 57
1 87
0 57
1 17
0 87
1 89
0 89
0 17
1 52
1 9
1 11
1 75
0 52
1 18
1 32
0 11
0 18
1 84
1 54
1 67
0 9
0 84
1 1
0 1
1 3
0 67
1 30
1 5
1 67
0 30
0 54
0 5
0 32
1 84
1 96
1 19
0 84
0 67
1 76
0 19
0 96
1 56
0 3
1 11
1 100
0 76
1 30
0 11
0 30
0 100
1 10
1 58
0 56
1 16
1 86
1 27
1 88
1 89
0 16
0 88
0 10
0 89
1 29
0 75
1 11
1 84
0 11
0 84
1 42
0 86
0 29
1 31
1 62
0 27
0 58
1 81
1 46
0 81
1 87
1 17
1 1
0 1
0 46
0 87
0 17
0 31
1 17
1 97
0 17
0 97
1 43
1 52
0 52
1 71
0 42
0 71
0 62
1 40
0 43
1 29
1 95
1 61
0 29
1 8
1 93
1 44
0 8
1 9
0 93
1 43
0 9
0 43
1 2
0 44
1 70
1 98
1 50
0 50
1 91
0 95
0 2
1 33
1 57
1 88
1 76
0 91
1 68
1 62
0 61
1 35
1 80
0 76
0 35
1 15
0 15
1 67
0 33
1 43
1 74
0 67
1 37
0 70
1 69
1 64
1 75
0 57
1 19
1 66
0 66
1 70
0 68
1 58
1 66
1 94
0 75
0 80
1 17
0 88
0 43
1 24
0 69
1 7
1 41
0 17
0 62
0 40
1 95
0 94
0 64
0 95
0 37
0 58
1 14
0 66
1 77
1 17
0 14
1 11
1 87
0 17
0 74
1 54
1 56
0 7
1 35
1 51
0 19
1 59
0 98
1 7
1 21
0 87
0 59
1 9
1 38
1 12
0 54
1 49
0 41
0 49
0 56
1 26
0 26
1 86
0 9
0 12
1 17
1 55
0 86
0 24
0 55
1 95
0 51
0 11
0 7
1 76
1 31
0 76
0 21
1 23
1 81
1 42
1 43
0 77
0 17
1 11
1 53
0 95
1 39
1 33
0 38
1 19
0 11
0 53
0 81
1 50
1 51
1 29
1 46
1 65
0 50
1 30
1 83
0 42
0 39
0 30
0 70
0 33
1 73
0 43
0 73
0 35
1 36
1 94
0 36
0 46
0 29
0 94
1 72
0 72
0 65
1 73
1 26
0 31
0 51
0 83
0 26
1 68
1 4
0 68
0 73
1 27
0 23
1 6
0 19
1 87
0 87
0 27
0 4
0 6
1 35
0 35
1 52
1 20
0 52
0 20
1 54
0 54
1 81
0 81
1 39
1 16
1 56
1 49
0 49
1 14
0 56
1 99
0 16
1 17
1 24
0 24
1 20
0 39
0 14
1 71
1 27
0 20
0 99
1 87
0 17
1 92
0 27
0 71
0 87
1 98
1 74
1 1
0 74
1 77
1 58
1 6
0 92
1 66
0 6
1 57
0 66
1 48
1 43
0 1
1 41
0 41
1 39
1 81
1 7
1 45
1 59
1 69
0 39
0 7
0 43
1 4
1 89
1 74
0 74
1 87
1 80
1 8
0 59
1 73
0 48
1 39
1 34
0 57
1 44
0 73
0 8
1 40
1 19
0 4
1 26
0 69
1 15
0 80
1 59
0 44
0 58
0 40
1 8
0 45
1 73
1 60
0 98
1 35
0 26
0 77
0 81
0 89
0 39
0 15
0 8
0 59
1 63
1 62
1 18
0 73
1 43
0 62
0 35
1 29
0 63
0 18
0 29
0 60
1 42
1 72
1 81
0 43
0 72
0 19
0 81
0 87
0 42
0 34
1 33
1 100
0 100
1 52
0 52
0 33
1 96
0 96
1 9
1 54
0 9
1 28
0 28
1 40
0 54
0 40
1 13
1 37
0 13
0 37
1 89
1 76
0 89
0 76
1 29
0 29
1 66
1 5
1 28
0 66
1 61
1 29
0 5
1 62
0 29
1 44
0 62
0 44
1 35
0 28
1 69
0 69
0 61
1 63
1 30
0 30
1 51
0 51
0 35
0 63
1 96
1 4
0 96
0 4
1 80
1 35
0 80
0 35
1 41
0 41
1 84
0 84
1 4
0 4
1 89
0 89
1 100
0 100
1 60
0 60
1 50
1 52
0 52
1 19
1 45
1 7
1 55
1 6
0 55
1 20
1 44
1 9
1 35
1 61
1 64
0 7
0 64
1 31
1 13
0 20
0 19
0 6
1 41
0 50
0 41
0 61
1 39
0 9
0 31
0 39
0 44
1 74
0 74
0 35
0 45
0 13
1 65
0 65
1 17
0 17
1 20
0 20
1 40
0 40
1 15
1 28
1 45
1 79
0 79
0 15
1 32
0 32
1 52
1 49
0 49
0 28
1 62
0 52
1 46
0 46
0 45
0 62
1 54
1 66
1 15
1 29
1 80
1 11
0 29
1 1
1 60
1 98
0 98
1 2
1 35
1 39
1 59
1 38
0 39
1 69
0 66
1 83
0 60
0 83
1 63
1 95
0 1
1 28
1 3
0 95
0 2
0 69
1 100
0 3
0 80
0 63
0 15
0 54
0 35
0 59
0 11
0 100
1 13
0 28
0 38
0 13
1 89
1 92
0 92
1 3
1 9
0 3
1 93
1 92
0 92
1 12
1 50
1 16
1 80
1 74
0 93
0 50
1 94
0 12
0 94
0 9
0 89
0 80
0 74
0 16
1 71
1 82
1 45
1 89
1 20
0 89
1 21
0 45
1 31
0 82
0 31
0 20
0 71
1 20
1 50
1 8
0 20
1 13
1 76
1 60
1 26
1 54
1 18
1 14
1 99
1 48
1 22
1 73
1 58
1 1
1 28
0 54
1 43
1 47
1 42
1 68
0 48
0 8
1 55
1 15
1 84
1 56
1 27
1 87
0 15
1 45
1 32
1 66
0 56
0 32
1 48
0 48
0 18
1 36
0 21
1 29
1 77
0 1
1 78
1 20
1 56
1 57
0 26
0 99
0 45
0 42
1 49
0 78
1 37
1 40
1 78
1 15
0 77
1 63
1 80
0 14
0 50
0 87
1 17
0 40
0 66
0 22
1 74
1 81
1 50
1 30
0 57
0 81
1 5
0 80
1 6
0 73
1 69
1 32
1 90
1 91
0 56
1 31
1 12
0 60
0 47
1 4
0 68
1 1
0 31
0 91
1 56
0 1
1 59
0 28
1 28
0 63
1 70
1 35
0 37
0 43
1 63
0 58
0 49
0 78
0 69
1 78
1 89
0 50
1 60
0 29
0 90
1 52
0 27
0 36
0 89
1 61
0 59
1 47
0 56
1 69
0 32
1 75
1 80
1 57
1 49
1 43
0 6
0 84
0 60
0 80
1 66
1 6
1 81
1 21
1 53
1 34
1 60
0 81
1 41
0 17
0 30
1 32
0 63
0 60
1 14
0 21
1 10
1 99
1 51
1 84
1 3
1 16
0 84
0 34
0 14
1 72
1 67
1 27
0 16
1 54
1 1
0 67
0 61
1 29
1 73
0 27
1 11
0 57
1 62
1 50
0 74
0 99
1 92
0 51
1 83
0 3
1 74
1 38
1 39
1 71
1 89
1 36
1 42
1 21
1 14
1 2
1 99
1 61
1 44
0 47
1 16
0 11
1 100
0 35
1 90
1 51
0 29
0 16
0 75
1 45
0 54
1 46
0 43
1 3
1 40
1 48
1 63
0 52
0 66
0 83
0 12
1 12
1 98
1 79
0 73
1 7
1 52
0 79
1 66
0 13
1 67
1 16
0 90
0 7
0 99
0 89
1 79
0 52
1 17
0 17
0 72
0 42
0 92
1 13
1 90
0 49
0 70
0 4
0 78
1 17
1 86
0 55
0 1
0 36
1 18
1 19
1 9
0 2
1 52
1 42
1 95
1 87
0 28
1 22
1 47
1 43
0 38
1 93
0 12
1 38
1 64
1 33
1 23
1 24
1 94
1 88
0 21
1 7
1 97
1 56
0 98
0 39
0 86
0 79
0 32
0 88
0 40
0 94
0 16
0 14
0 13
1 78
0 50
1 49
0 95
1 58
1 21
0 48
1 13
0 10
1 84
1 8
0 69
0 38
1 26
0 19
1 10
1 59
1 11
0 26
0 84
0 67
0 11
0 62
1 16
1 11
0 100
0 97
0 6
1 95
0 41
0 95
0 90
0 11
1 60
0 24
1 6
0 3
1 14
1 68
1 24
0 52
0 5
0 9
0 74
0 45
0 68
0 56
0 13
1 62
1 98
1 25
0 53
1 9
1 19
1 67
1 79
1 100
1 11
0 76
1 73
1 26
1 50
1 36
0 44
0 11
0 14
0 51
0 71
0 100
0 15
1 27
1 28
1 13
1 69
0 22
0 27
1 22
1 71
1 15
1 27
1 31
1 65
0 27
0 33
0 21
1 68
1 21
0 67
1 27
1 89
1 29
1 81
1 52
1 14
0 7
