1000
1 18
0 18
1 49
1 75
1 66
0 49
1 81
1 47
0 66
0 75
1 85
0 85
0 81
0 47
1 29
0 29
1 55
0 55
1 78
0 78
1 46
1 47
0 47
0 46
1 20
1 45
1 36
1 47
0 20
1 41
1 1
1 94
0 47
0 45
1 72
0 72
0 1
1 29
0 36
0 29
1 82
1 21
0 21
0 94
0 41
1 26
0 26
1 90
0 82
0 90
1 75
0 75
1 100
1 94
0 94
0 100
1 91
0 91
1 36
1 91
1 44
1 50
1 46
0 91
0 46
1 83
1 33
1 94
0 94
0 50
0 33
1 16
1 5
1 98
1 61
0 61
1 25
0 44
0 5
0 25
1 41
0 36
0 41
0 16
1 74
1 44
1 8
0 98
1 100
0 74
0 100
0 44
0 83
0 8
1 75
0 75
1 50
0 50
1 14
1 22
0 14
1 68
1 39
0 22
0 39
1 93
1 40
1 41
1 13
0 41
1 41
0 40
1 2
0 2
1 56
0 41
0 13
1 13
0 93
1 57
0 68
1 53
1 39
1 58
0 39
1 59
0 53
1 5
1 26
0 56
0 57
1 14
0 5
1 87
0 87
1 76
1 77
1 98
1 21
0 76
0 58
0 21
0 77
0 14
0 59
1 99
1 74
1 2
0 13
1 28
1 47
1 42
0 99
0 2
1 5
1 6
1 54
0 42
0 6
1 73
0 73
1 50
0 54
0 50
1 66
0 5
0 74
1 17
0 66
0 98
0 28
1 78
1 75
1 60
0 60
0 26
0 47
0 17
1 49
1 28
1 53
1 25
0 49
0 78
0 25
0 28
0 53
1 95
0 75
0 95
1 34
1 64
1 16
1 71
1 84
1 91
0 91
1 38
0 34
1 61
1 4
0 64
0 84
0 4
0 71
1 84
1 7
1 36
0 84
0 36
0 7
1 83
0 83
1 36
0 36
0 61
0 16
0 38
1 21
1 75
0 21
1 39
0 75
0 39
1 45
1 65
1 46
0 65
1 25
0 45
0 46
1 88
0 88
0 25
1 44
0 44
1 29
1 66
0 29
0 66
1 57
1 43
1 58
0 43
0 57
1 38
0 38
1 1
0 58
0 1
1 11
1 9
0 9
1 98
1 30
1 46
0 11
1 33
0 30
1 75
1 34
0 33
0 98
1 59
1 3
0 3
0 59
1 13
0 75
0 46
1 69
0 34
0 13
0 69
1 73
0 73
1 97
0 97
1 59
1 45
1 2
0 59
1 46
0 2
0 45
0 46
1 27
0 27
1 13
0 13
1 51
1 83
1 20
0 83
1 91
1 75
1 44
0 20
1 70
1 13
0 44
0 13
1 62
1 21
0 21
0 51
0 62
1 92
1 95
0 92
0 91
1 69
0 75
0 69
1 23
1 27
1 71
0 95
1 22
0 27
0 22
0 70
0 71
0 23
1 14
1 97
0 14
0 97
1 84
0 84
1 7
0 7
1 66
1 88
0 88
1 6
0 66
1 4
1 31
0 6
1 76
0 4
1 91
1 10
1 18
0 31
1 11
0 76
1 70
1 69
1 1
0 69
1 8
1 86
0 10
0 18
1 3
1 81
0 8
0 81
1 87
0 91
0 11
0 3
1 21
1 38
0 38
0 1
1 55
0 21
1 56
0 70
0 56
1 85
1 48
0 48
0 86
0 87
1 12
0 85
0 55
1 78
1 62
0 78
1 76
0 12
0 76
0 62
1 99
1 36
1 57
0 99
1 49
0 57
1 92
0 92
1 67
0 67
0 49
0 36
1 35
0 35
1 25
0 25
1 77
0 77
1 95
0 95
1 71
1 31
0 71
0 31
1 91
1 6
0 91
1 82
0 82
1 100
1 79
1 82
0 82
0 6
0 100
1 28
1 69
0 28
0 79
1 47
1 98
0 47
0 69
0 98
1 33
1 47
0 33
1 75
0 47
1 76
0 76
0 75
1 94
1 57
0 94
1 8
1 36
1 97
0 8
0 36
1 17
1 18
0 18
0 97
1 58
1 7
1 78
1 19
1 20
0 57
1 66
1 59
0 66
0 59
1 72
0 20
1 60
0 58
1 11
0 60
0 19
0 72
0 78
0 17
0 7
1 92
0 11
0 92
1 97
0 97
1 3
1 26
1 83
0 3
0 26
1 33
1 25
0 33
1 66
1 92
0 92
0 83
0 66
1 100
1 62
0 25
1 90
1 91
0 91
0 90
1 66
1 23
0 100
1 47
1 57
1 25
0 25
0 47
0 66
1 67
1 95
1 7
0 57
1 98
1 21
0 23
1 4
1 84
1 97
1 3
1 83
0 67
1 78
0 97
0 3
1 69
0 98
1 5
0 78
1 6
1 44
1 85
1 12
1 63
1 2
1 41
0 95
0 2
1 70
1 56
1 40
1 78
1 37
0 78
1 17
0 5
1 71
0 4
0 7
0 40
1 22
0 63
0 41
1 2
1 35
0 6
0 21
1 99
1 20
1 40
0 84
0 56
0 99
0 44
0 70
0 22
1 32
1 39
1 97
0 40
0 83
0 17
0 71
0 20
1 49
0 37
1 84
0 97
1 94
0 49
0 94
1 63
1 100
1 7
1 11
1 50
1 42
1 70
0 12
0 35
0 85
0 7
0 50
0 11
0 32
1 56
0 39
1 90
0 70
1 60
1 39
0 63
1 61
0 39
0 60
0 84
1 72
1 3
1 70
0 70
0 56
0 3
1 41
0 62
0 90
1 79
0 2
1 39
1 38
1 76
1 94
0 79
1 85
0 85
0 76
0 94
0 41
1 19
0 61
1 18
0 39
1 53
0 38
1 27
1 51
0 69
1 17
1 37
0 27
1 48
1 20
0 17
1 83
1 99
1 62
0 99
1 21
1 44
0 51
0 44
0 21
0 20
0 42
1 96
1 26
1 91
0 100
0 53
0 19
1 73
0 37
1 31
1 74
1 85
1 12
0 72
1 54
0 73
0 91
1 84
0 48
1 22
1 49
0 62
1 97
0 96
0 74
0 22
0 83
1 98
1 4
0 26
1 67
1 24
0 98
0 67
1 95
0 95
0 49
0 31
1 60
1 6
1 15
0 4
0 97
0 84
0 24
1 86
0 6
1 90
1 73
1 10
1 2
0 85
0 15
0 86
1 3
0 12
1 8
1 17
0 73
0 54
1 43
0 60
0 17
0 2
0 3
0 43
1 78
1 54
1 9
1 47
1 41
0 10
0 78
0 90
1 50
1 33
1 80
1 100
1 62
1 83
0 100
1 59
1 76
1 87
0 33
0 47
1 52
0 8
0 18
0 62
1 51
1 58
1 95
0 50
0 52
0 54
1 64
1 96
0 51
0 83
1 83
0 58
0 83
1 32
1 66
1 52
0 87
0 32
0 52
1 24
1 50
1 38
1 4
1 97
1 70
0 80
0 41
1 49
0 97
0 38
1 31
1 21
0 24
1 52
1 26
1 40
1 23
1 6
0 64
0 40
0 95
1 39
1 60
1 43
0 52
0 96
0 59
0 70
0 60
0 21
0 31
1 94
1 36
1 53
1 98
0 76
0 9
1 51
1 12
0 50
1 84
0 12
0 66
1 44
1 89
0 26
1 70
1 33
0 98
1 52
0 94
0 43
0 23
1 2
0 51
0 89
1 59
1 3
0 2
0 39
0 84
0 4
1 88
0 3
1 21
1 11
1 40
1 23
1 32
0 88
0 40
1 60
1 48
1 34
0 53
0 21
1 56
1 35
0 34
0 36
1 12
1 73
1 7
1 17
1 55
0 12
0 73
0 59
1 68
1 42
1 41
0 68
1 98
1 43
1 25
1 20
0 6
0 60
0 70
0 35
0 55
1 78
1 1
0 42
1 8
0 7
0 41
1 50
1 68
1 55
0 52
1 88
0 1
1 69
1 61
0 20
0 78
1 52
0 48
0 43
1 12
0 68
0 17
0 8
0 25
1 67
0 11
1 57
1 8
1 24
1 46
1 97
1 34
1 7
1 51
1 21
0 98
0 88
0 57
0 46
1 40
1 9
0 9
0 61
0 51
1 93
0 24
0 33
0 67
0 97
0 52
0 50
1 77
0 21
0 49
1 13
1 87
0 56
1 36
0 23
1 50
0 7
1 66
1 54
1 35
0 44
0 12
0 13
0 50
0 36
1 50
1 92
0 40
1 64
1 9
0 9
0 35
1 53
1 41
0 41
0 53
0 64
0 50
1 37
1 49
1 64
1 100
1 44
1 53
1 27
0 37
0 34
0 55
1 13
0 100
1 84
0 13
1 25
1 34
1 67
0 27
1 65
0 84
0 8
0 54
1 45
1 22
0 32
1 95
0 65
1 91
0 53
0 49
1 96
0 93
1 47
1 28
1 35
0 77
1 70
0 22
1 17
1 99
1 40
0 67
1 16
1 24
1 97
1 11
0 69
1 2
1 79
1 22
1 48
1 30
1 51
1 3
0 30
1 26
0 2
