1000
1 24
0 24
1 61
1 66
0 61
1 76
1 40
1 22
0 40
0 76
0 22
1 67
0 66
1 75
0 75
1 42
0 67
0 42
1 84
0 84
1 59
1 73
0 59
1 56
1 79
0 73
1 69
1 38
0 69
1 95
1 32
0 56
0 95
0 79
1 34
1 15
1 43
1 40
0 40
1 20
1 87
1 77
0 15
1 29
0 29
1 80
1 55
0 80
0 55
0 77
0 32
0 20
0 43
0 38
1 63
0 63
0 87
1 22
0 34
1 18
0 22
1 95
0 18
1 79
1 58
0 95
1 52
0 52
0 58
1 85
1 60
0 60
1 93
1 91
1 98
1 8
1 88
1 37
0 79
1 48
0 88
1 32
0 37
0 91
1 16
1 100
1 25
1 88
1 31
0 25
1 84
0 48
1 89
0 88
1 41
0 16
1 19
1 63
1 92
1 17
0 17
0 8
0 31
1 96
0 89
0 96
1 23
0 23
0 92
0 85
0 84
1 33
0 63
1 15
0 33
1 67
1 54
1 99
0 19
0 54
1 33
1 69
0 99
0 33
1 46
0 100
1 70
1 7
0 15
0 67
1 63
1 94
0 46
1 18
0 69
0 7
0 63
0 94
1 44
0 98
1 26
0 41
1 89
0 44
1 79
0 32
1 19
1 100
1 27
0 70
0 100
1 36
0 79
0 89
1 33
1 61
0 18
1 14
1 43
1 88
0 26
1 49
1 45
1 89
0 27
1 50
1 90
0 90
1 15
0 61
0 89
0 45
0 49
1 63
0 36
1 53
0 19
0 33
1 87
0 88
1 91
1 84
1 13
0 53
0 87
1 44
1 29
0 13
0 15
0 14
0 29
0 43
1 21
1 26
1 96
1 8
1 17
1 80
0 84
1 40
1 100
1 84
1 64
1 71
0 26
1 3
0 64
0 96
0 84
0 50
0 44
0 91
0 93
0 71
0 3
1 3
1 82
1 24
1 79
1 4
0 40
1 76
1 94
0 80
0 76
1 52
1 64
1 73
0 8
1 76
1 86
1 92
1 18
0 64
0 100
1 78
1 31
1 48
0 63
1 53
1 39
0 4
1 77
1 96
1 54
1 57
1 83
1 93
0 17
1 41
0 82
0 93
1 32
1 6
0 48
1 9
0 21
0 24
0 41
1 87
1 17
1 62
1 93
0 93
0 54
1 40
1 46
1 80
0 39
0 9
0 86
1 4
0 96
0 76
0 62
0 4
0 87
1 88
1 14
1 41
1 4
1 15
1 16
1 50
0 40
1 20
0 4
1 67
0 16
0 83
1 82
1 81
0 78
0 82
0 57
1 29
1 87
1 51
0 29
0 32
0 87
1 37
0 37
0 20
1 28
0 77
0 18
1 55
0 52
1 36
1 86
0 79
0 15
1 89
1 42
1 97
1 38
0 17
1 29
1 68
1 61
1 76
0 51
1 33
1 32
1 30
1 40
1 93
0 40
1 19
1 39
1 9
1 98
1 37
0 76
0 94
1 22
0 97
0 68
0 41
1 62
1 71
1 72
0 37
0 3
1 65
1 1
1 20
1 74
0 9
1 83
1 100
1 34
0 6
0 80
1 37
1 40
1 97
1 80
0 40
0 65
0 55
0 34
0 86
0 97
1 94
0 50
0 38
1 12
1 26
0 30
1 21
0 89
1 82
1 40
1 55
0 94
1 16
1 41
0 61
0 55
1 35
1 84
0 19
0 98
1 85
1 5
1 47
1 34
0 35
1 86
1 35
1 15
1 77
0 93
0 5
1 24
0 100
0 62
0 29
0 80
1 51
0 26
1 87
1 89
1 17
0 89
1 10
0 10
0 14
0 16
0 28
0 21
1 16
1 79
0 35
1 59
0 81
1 29
0 46
1 30
1 27
0 85
0 79
0 87
1 2
0 73
0 17
0 29
0 72
0 30
0 33
1 65
0 42
1 48
1 69
0 34
0 27
0 74
0 36
1 55
0 48
1 3
0 24
1 10
1 33
0 69
1 66
0 22
1 35
0 15
1 70
0 70
0 71
1 48
1 69
0 20
1 70
0 40
0 10
1 56
0 53
1 81
0 33
1 27
0 69
0 3
0 88
1 52
0 83
0 27
1 73
1 3
0 41
0 81
0 77
1 15
0 51
0 3
0 86
1 49
1 3
1 24
0 49
1 75
1 20
0 75
0 48
1 18
1 33
0 59
0 18
1 48
1 49
0 37
0 2
1 83
1 42
1 64
0 42
1 13
1 85
1 75
1 17
0 20
0 49
0 55
0 92
1 72
0 47
1 25
0 33
0 56
1 94
0 31
1 9
0 52
0 64
1 86
0 85
1 4
0 75
1 61
0 48
0 61
0 39
0 15
1 80
0 1
1 55
0 24
1 37
1 5
0 17
0 84
0 37
0 73
0 66
0 32
1 23
1 91
0 25
1 51
1 96
0 70
0 35
1 62
0 62
1 84
1 10
0 10
0 4
0 82
1 81
1 99
0 55
0 23
1 22
1 6
1 73
1 50
0 9
0 50
1 53
0 6
1 23
0 73
1 78
1 97
0 96
1 63
1 68
1 82
1 19
0 83
0 5
1 6
0 53
1 77
0 3
1 50
0 19
1 24
0 16
1 66
1 33
1 87
0 13
1 41
0 63
0 91
1 38
0 66
0 23
0 72
1 2
0 94
1 93
0 6
0 67
1 9
1 7
0 84
0 38
0 86
0 24
0 78
0 68
0 87
1 25
0 77
1 98
1 10
0 80
0 22
1 64
0 82
0 98
1 70
1 96
0 81
0 96
0 93
1 100
1 17
1 6
0 12
0 6
1 24
1 61
0 25
0 65
0 50
0 24
0 33
1 26
0 17
1 79
1 46
0 64
0 51
0 41
1 52
0 79
1 35
1 82
1 90
1 23
0 7
0 23
0 35
0 82
1 38
1 83
1 73
0 52
0 90
0 9
1 28
0 99
0 83
1 57
1 48
0 61
1 98
1 11
1 33
0 2
1 9
0 70
1 34
0 46
1 55
0 34
1 92
0 9
0 33
0 48
1 20
0 10
0 20
0 57
1 27
1 12
0 26
0 27
1 51
1 21
1 8
0 97
0 98
0 100
0 38
0 55
1 97
1 42
1 14
1 64
1 93
0 14
0 51
0 73
1 81
1 59
1 2
1 25
1 78
1 32
1 33
1 62
0 81
0 32
1 69
0 78
0 59
1 3
0 97
0 93
1 22
1 18
0 3
0 42
1 34
1 63
0 25
1 88
1 41
0 62
1 53
1 77
0 18
1 80
1 48
1 98
0 64
1 39
0 22
0 69
0 8
0 2
1 44
0 53
0 92
0 77
0 34
1 17
0 44
1 82
0 33
1 37
0 39
1 19
0 80
0 17
0 12
1 95
0 21
1 34
0 48
1 58
1 75
0 82
0 75
1 83
1 82
0 37
1 59
1 68
1 69
0 19
0 59
1 42
1 37
1 35
0 58
1 17
0 98
0 63
1 18
1 94
1 3
0 42
1 56
1 96
0 56
0 88
0 35
0 68
1 52
0 28
0 94
0 41
0 11
1 19
0 34
0 83
0 52
1 87
0 82
0 96
1 66
1 16
0 95
0 18
0 19
1 58
0 66
1 82
1 62
0 82
0 16
1 63
0 3
0 62
0 17
0 58
0 69
0 37
0 87
0 63
1 89
0 89
1 20
1 22
1 43
1 8
0 8
1 21
1 75
1 81
0 21
0 75
0 43
0 81
1 66
0 20
0 22
1 56
1 52
0 52
1 74
1 39
1 59
0 56
1 45
1 96
0 59
1 51
0 39
0 74
0 66
0 45
0 51
1 88
1 24
0 88
1 76
1 84
0 96
1 40
0 76
0 40
1 68
0 24
0 68
0 84
1 25
1 86
1 61
0 61
1 87
0 86
0 25
0 87
1 21
0 21
1 38
0 38
1 86
1 15
0 86
1 57
1 90
0 57
1 50
1 41
0 90
0 50
0 15
1 93
1 24
0 41
0 24
0 93
1 63
1 60
1 40
1 93
0 63
0 60
0 93
0 40
1 22
1 39
1 73
0 22
1 1
1 7
1 50
1 17
1 8
1 6
0 1
1 86
0 8
0 6
1 27
0 27
0 73
1 10
1 4
0 17
1 8
0 8
1 91
1 40
0 50
0 10
1 87
1 53
0 87
0 4
0 53
1 34
1 96
1 74
0 39
1 22
1 49
0 74
0 86
0 22
1 5
0 34
0 7
0 40
0 5
0 96
1 14
0 49
1 22
1 35
0 35
1 43
0 14
0 91
1 23
1 63
0 43
1 36
0 23
0 22
0 63
1 71
1 33
1 14
1 59
1 85
1 45
0 85
1 75
0 75
1 41
0 14
0 59
1 23
0 41
1 76
1 32
1 50
0 23
1 5
0 50
1 38
0 36
0 5
1 59
0 45
0 33
0 71
0 38
1 33
1 38
1 11
0 38
0 32
0 76
0 59
1 32
1 86
