1000
1 54
1 70
1 22
0 54
0 70
0 22
1 13
1 32
0 32
1 87
1 72
0 72
0 87
0 13
1 31
0 31
1 75
1 67
1 68
1 49
1 74
1 66
0 67
0 66
0 68
0 49
1 25
0 25
1 30
1 42
0 75
1 70
1 50
1 84
1 52
1 5
1 88
0 74
0 88
1 65
0 5
0 52
1 64
1 88
0 88
1 48
0 50
0 64
0 48
1 39
1 32
0 39
0 42
0 65
1 11
0 32
1 13
0 13
0 70
0 84
1 4
0 11
0 30
0 4
1 40
1 77
1 41
1 20
0 41
1 78
0 40
0 20
1 32
0 78
0 32
1 85
1 62
1 39
1 57
0 39
1 28
1 96
1 78
0 96
1 69
0 78
1 88
1 66
0 28
0 57
0 69
1 99
1 15
1 23
0 66
1 49
0 23
1 87
0 88
1 93
1 6
1 46
1 41
1 20
0 99
1 42
1 86
1 60
0 15
0 85
0 6
1 54
1 21
0 21
1 37
1 63
0 20
1 61
0 54
0 93
1 95
0 49
0 87
1 64
1 93
1 7
0 7
1 38
1 78
0 37
0 61
0 60
0 78
0 95
1 52
0 41
0 64
1 6
1 15
1 53
0 93
0 63
1 8
1 75
1 16
0 53
1 4
0 75
0 46
0 86
1 89
0 42
0 38
1 60
0 77
0 60
0 4
1 67
0 62
1 7
0 52
0 6
1 40
1 78
0 7
1 79
0 78
1 90
0 40
1 68
1 88
0 15
0 67
1 83
1 70
1 73
1 38
0 88
1 91
1 99
1 60
1 6
0 38
1 17
0 16
0 89
1 89
0 6
1 75
1 15
1 96
0 83
0 17
0 99
0 68
0 15
1 49
1 93
1 44
0 70
1 56
1 72
0 90
1 1
0 73
1 36
0 75
0 36
1 68
0 79
1 73
1 64
1 80
1 31
0 64
1 90
0 91
1 76
1 67
0 31
0 60
1 98
0 44
1 12
0 1
1 62
0 80
1 6
1 70
1 78
1 95
1 77
1 51
0 78
1 74
1 9
1 80
0 70
1 70
0 9
0 73
1 88
1 63
1 92
0 63
0 12
1 15
1 7
1 91
0 77
0 56
1 81
1 86
1 21
0 72
1 97
1 18
1 87
1 69
1 19
1 9
0 86
1 100
1 25
0 91
1 35
0 88
0 97
0 90
1 20
0 35
0 51
0 81
1 35
1 36
1 37
1 73
1 56
0 80
0 73
1 1
0 9
1 94
1 9
0 76
0 94
0 74
0 98
0 15
1 38
1 63
1 2
0 35
0 7
0 56
0 19
0 87
0 68
1 52
0 49
0 96
1 3
1 22
1 32
1 39
1 57
0 62
1 77
0 21
0 36
1 62
1 47
0 100
0 38
0 93
1 59
0 37
1 68
0 68
1 76
0 32
0 57
0 69
0 8
1 72
1 74
0 74
1 5
0 70
1 28
1 21
0 72
0 1
1 29
0 6
1 34
0 47
1 23
0 28
1 90
1 64
1 13
1 43
0 25
1 40
1 78
1 91
0 13
1 84
0 62
1 81
0 22
1 85
0 18
1 74
0 39
1 30
0 3
0 9
0 74
1 9
0 52
0 89
1 93
1 53
0 59
1 41
0 84
0 64
0 90
1 19
1 75
1 94
0 94
0 29
1 82
0 20
1 45
1 24
0 30
0 75
1 54
1 83
0 24
0 83
0 77
0 81
0 63
0 21
1 28
0 41
1 57
0 76
1 41
1 37
0 37
0 5
1 97
1 52
1 35
0 78
1 58
0 19
1 44
1 59
0 85
1 26
1 61
0 57
0 23
1 36
1 38
1 42
0 34
1 94
1 18
0 26
0 45
0 61
1 51
1 1
0 54
1 98
1 5
1 48
1 32
0 93
1 99
0 67
1 56
0 1
0 32
0 41
1 24
1 29
1 88
1 31
0 2
0 31
1 54
0 56
1 46
1 16
0 53
0 91
0 92
0 18
1 17
0 17
0 99
1 53
1 11
1 99
0 95
1 17
0 16
1 65
0 35
1 10
0 82
1 45
1 47
0 42
0 43
0 36
0 10
1 49
1 69
1 78
0 88
1 75
1 83
0 5
1 21
1 63
0 94
1 12
1 19
0 45
0 9
0 46
1 60
0 54
0 75
0 98
0 19
0 47
0 49
1 41
0 38
1 25
0 58
0 69
0 97
0 65
1 98
0 59
0 40
1 54
1 93
1 86
0 99
1 39
1 99
0 60
1 42
0 53
0 99
1 60
1 99
0 29
1 13
1 53
1 91
1 100
1 55
1 2
0 83
0 42
1 56
1 3
0 25
1 92
0 41
1 67
0 3
0 48
1 35
0 60
0 52
0 51
0 67
1 73
0 28
1 48
0 78
0 93
0 17
1 14
1 45
1 30
0 56
1 64
1 26
0 86
1 29
0 98
1 68
1 15
1 69
1 20
1 6
0 92
0 63
1 7
1 61
0 21
1 94
0 39
1 72
1 85
0 73
1 37
1 32
1 36
1 80
0 53
0 72
1 16
0 45
1 28
1 46
1 4
0 14
1 27
1 1
0 80
0 29
1 76
0 27
0 12
1 17
1 21
0 20
0 99
0 24
0 13
1 77
0 30
1 18
1 42
1 45
1 65
0 69
0 65
0 36
1 62
0 4
1 56
0 48
1 57
0 18
0 21
0 1
1 18
0 18
0 57
1 36
1 49
0 16
0 32
0 28
1 50
1 8
1 66
0 62
0 61
0 26
1 98
0 54
1 82
0 45
1 38
0 42
0 56
1 61
0 46
1 73
1 4
1 39
1 87
0 39
1 58
0 17
1 74
0 73
0 91
0 76
1 95
1 52
0 74
0 44
1 10
0 100
1 30
1 12
1 20
1 97
1 43
0 61
0 82
0 64
0 97
0 85
0 30
1 51
0 6
0 11
0 77
1 42
0 98
1 89
0 4
1 11
1 22
1 47
0 10
0 89
1 31
1 39
0 11
1 17
1 74
0 52
1 67
0 38
1 99
0 58
0 67
1 80
0 42
1 29
1 81
0 99
1 10
1 38
1 42
1 40
1 88
0 81
0 66
0 47
1 69
0 39
1 79
0 31
1 75
0 8
0 69
0 2
1 71
0 10
1 33
1 21
0 75
1 41
1 23
1 8
1 78
0 51
1 97
0 8
0 97
0 40
0 37
1 97
1 96
0 94
1 69
0 41
1 98
1 31
1 8
0 69
0 23
0 68
1 11
1 10
1 39
1 25
0 43
0 11
1 34
0 78
1 81
1 43
0 97
1 91
1 16
1 99
1 63
0 35
1 35
1 24
0 98
0 80
0 34
0 15
0 38
0 16
1 26
1 64
1 97
1 16
0 88
1 18
0 18
1 32
0 91
0 87
1 30
1 59
1 37
1 68
1 57
1 34
1 58
1 75
0 21
0 32
1 98
1 48
0 16
0 79
0 39
1 38
0 31
1 51
1 28
1 65
1 16
0 22
1 18
1 32
1 94
0 10
1 31
0 36
1 39
1 79
1 83
1 100
1 60
1 19
1 73
1 66
1 40
1 72
1 53
1 21
1 87
1 1
0 55
0 25
1 80
1 15
1 25
1 69
0 95
1 36
0 69
0 48
0 98
1 22
1 98
1 23
1 69
0 42
1 41
1 27
0 32
0 68
0 18
1 2
1 76
0 31
1 31
1 52
0 43
0 22
0 83
1 67
0 24
0 96
1 32
1 68
1 82
0 25
0 2
1 42
1 2
1 91
1 61
0 52
1 9
1 93
1 54
1 43
0 66
0 50
1 86
1 62
1 44
1 45
1 89
0 8
0 45
0 28
0 91
0 82
0 93
0 60
0 100
0 64
0 42
0 79
0 67
1 66
1 8
1 5
0 94
1 77
1 67
0 17
0 23
0 39
1 17
1 70
1 39
0 81
1 78
1 94
0 70
0 71
0 30
1 79
1 22
1 42
0 61
1 13
1 70
0 7
0 33
1 88
0 39
1 81
1 25
0 44
0 68
0 12
0 79
1 33
0 41
1 41
0 73
0 65
0 1
0 40
0 78
1 71
1 95
1 92
1 90
1 3
1 23
0 13
0 21
1 55
0 86
0 77
1 44
1 73
1 45
0 34
1 85
1 4
1 21
0 88
1 77
0 43
1 78
0 94
1 79
1 82
1 11
1 10
1 7
1 83
0 62
0 21
0 89
0 71
0 55
0 10
0 97
0 80
0 69
1 88
1 39
1 46
0 49
1 48
1 91
0 26
1 96
1 52
0 66
0 58
1 24
1 93
0 22
1 34
0 46
0 15
1 100
0 52
0 63
1 6
0 2
1 28
1 58
0 7
1 69
0 25
0 58
0 51
0 27
1 71
0 100
1 94
1 97
1 40
0 54
1 86
1 100
0 97
0 95
0 8
0 85
0 77
0 100
1 89
0 24
0 41
1 80
1 84
0 87
0 93
1 62
1 14
