1000
1 8
1 16
1 74
1 96
1 49
0 74
1 39
0 49
0 8
0 96
0 39
1 42
0 42
0 16
1 75
0 75
1 81
0 81
1 51
1 95
0 51
1 9
0 9
1 56
0 95
0 56
1 53
1 71
1 100
0 71
0 100
1 48
0 53
0 48
1 99
1 1
1 38
1 96
0 38
1 25
0 99
0 25
0 1
0 96
1 22
1 94
0 22
1 8
1 2
0 94
0 8
1 32
0 32
1 79
0 2
0 79
1 58
1 27
1 80
1 1
0 27
0 1
0 80
1 87
0 58
1 52
0 52
0 87
1 77
0 77
1 58
1 76
1 93
0 76
1 33
1 98
0 58
0 93
1 76
0 76
0 98
1 9
1 75
1 82
1 58
1 92
0 75
1 59
0 58
0 59
0 33
1 79
1 23
1 91
1 48
0 92
0 82
0 23
0 48
1 24
0 91
0 9
0 24
0 79
1 23
0 23
1 20
0 20
1 12
1 89
1 49
1 32
0 49
0 32
0 89
1 58
1 92
0 12
0 58
1 29
0 29
1 56
1 6
0 56
0 92
1 26
0 26
1 74
1 85
0 85
1 53
1 57
1 7
1 47
0 7
0 74
1 65
1 14
1 55
1 64
0 57
0 65
1 94
0 53
0 47
0 14
1 48
0 48
0 55
0 64
1 58
0 58
1 69
1 29
1 64
1 54
1 20
0 20
0 29
0 54
0 64
1 92
0 6
0 94
1 72
1 55
0 55
0 69
0 92
0 72
1 29
0 29
1 57
1 79
0 79
0 57
1 51
0 51
1 87
0 87
1 31
1 36
1 46
0 36
1 36
1 62
0 46
1 57
1 90
0 62
0 57
1 37
0 36
0 37
0 90
1 9
0 9
1 8
0 31
1 90
1 12
0 90
1 42
0 12
1 38
0 8
1 30
0 42
0 38
0 30
1 51
0 51
1 100
0 100
1 98
0 98
1 27
1 69
0 69
1 28
0 28
0 27
1 61
0 61
1 9
0 9
1 99
1 18
1 19
0 19
1 61
0 99
0 61
0 18
1 92
1 12
0 12
0 92
1 73
0 73
1 31
0 31
1 61
1 79
1 42
1 32
0 61
1 84
0 84
1 33
1 24
1 40
0 42
1 30
0 24
1 55
1 34
1 75
1 76
0 40
0 32
0 33
1 16
1 50
0 50
1 37
0 34
1 3
1 38
0 30
1 54
0 54
1 100
1 12
0 75
0 100
1 84
1 41
1 13
1 70
0 76
0 16
1 72
0 37
0 55
0 41
1 8
0 13
0 12
0 8
0 70
0 84
0 79
0 38
0 72
0 3
1 32
1 19
0 19
1 29
1 12
1 94
0 94
0 32
1 81
0 12
0 81
1 68
0 68
1 8
1 87
1 89
1 28
0 8
0 28
1 25
1 4
1 75
0 25
1 34
1 51
0 29
0 51
1 39
1 23
1 100
1 60
1 71
1 37
0 37
0 75
0 71
0 87
1 20
1 24
1 7
0 39
0 20
0 24
0 4
1 90
0 100
1 8
0 7
0 90
0 89
0 60
0 23
1 89
1 41
1 81
0 81
0 41
1 7
0 7
0 89
1 93
0 34
0 8
0 93
1 84
0 84
1 6
0 6
1 97
0 97
1 68
0 68
1 44
1 95
1 22
0 22
0 44
0 95
1 30
1 28
0 30
1 12
1 41
1 38
0 28
0 41
0 12
1 41
1 94
1 72
0 94
0 41
0 38
1 64
0 64
0 72
1 65
0 65
1 94
1 22
1 41
1 92
0 94
1 5
1 59
0 92
1 46
0 5
1 25
1 91
0 25
0 59
0 22
0 41
0 46
1 82
0 91
1 77
0 77
1 30
1 55
0 55
0 82
0 30
1 49
1 23
1 88
0 88
1 30
1 60
0 60
1 83
0 83
0 30
1 98
0 49
1 77
1 10
0 10
0 98
1 82
0 82
0 77
1 9
0 9
1 84
1 45
1 42
1 22
1 20
1 80
0 22
0 80
0 42
1 13
1 96
1 2
1 12
0 23
1 80
1 35
1 21
0 21
0 20
0 96
0 35
1 28
1 57
0 28
0 13
1 25
1 73
0 84
0 57
0 80
1 23
0 12
0 73
0 2
1 48
0 25
1 21
1 76
1 65
0 65
0 45
0 48
1 1
1 47
1 98
1 39
1 79
1 22
0 23
1 48
0 79
0 21
0 22
0 48
1 49
1 12
0 49
0 39
0 47
0 76
1 75
1 95
0 95
1 88
1 49
1 85
1 99
0 98
0 75
1 18
0 99
0 88
0 1
0 18
1 79
0 85
0 12
1 89
1 100
1 10
1 47
0 47
0 49
0 89
1 96
0 10
1 88
1 77
0 79
1 94
0 96
0 100
1 3
1 100
0 3
0 88
1 18
1 65
0 94
0 77
0 18
0 65
1 10
0 10
0 100
1 50
0 50
1 15
0 15
1 16
0 16
1 37
0 37
1 81
1 86
0 81
1 76
1 95
1 32
1 33
0 86
0 76
1 83
0 95
0 83
1 3
0 33
0 3
1 67
0 67
1 95
1 39
0 95
0 32
1 86
1 52
0 52
0 86
1 4
1 54
1 26
1 89
1 91
1 19
1 41
1 12
0 39
0 41
1 49
1 18
1 51
1 86
1 78
1 27
1 73
1 87
0 4
0 54
1 28
0 51
1 70
1 47
1 74
0 89
0 27
1 76
0 26
0 87
0 12
1 6
0 74
0 70
1 79
1 80
0 91
0 47
1 82
1 1
0 49
0 79
0 73
1 33
0 19
1 4
0 82
0 1
0 86
1 12
1 14
1 5
0 18
0 12
0 4
1 10
0 78
0 10
0 33
0 80
0 28
0 5
0 76
1 44
1 10
0 6
0 10
0 44
1 29
1 65
0 14
0 29
0 65
1 100
1 71
1 26
0 100
1 22
0 22
0 71
0 26
1 96
0 96
1 52
0 52
1 3
0 3
1 6
1 49
1 43
0 49
0 6
0 43
1 76
1 85
0 85
0 76
1 22
0 22
1 59
1 14
1 37
1 52
1 34
1 83
0 34
1 56
1 67
1 68
0 83
0 56
0 14
0 68
1 12
1 76
1 27
0 37
1 6
0 27
1 79
1 81
0 6
0 79
0 52
0 76
1 24
1 98
1 39
0 12
0 81
1 14
1 47
0 39
1 15
1 85
0 24
1 66
0 47
1 83
1 58
0 85
0 98
0 15
0 14
1 63
0 67
1 17
1 49
0 66
1 64
0 63
0 49
0 59
1 65
0 64
1 45
0 17
1 35
1 23
1 74
1 81
1 84
1 32
1 49
1 16
0 45
1 67
0 49
1 85
0 83
1 89
1 73
0 85
0 32
0 74
1 93
1 79
1 53
1 100
1 10
1 85
0 58
0 35
0 23
1 11
0 79
1 62
1 24
0 84
0 81
1 4
1 83
1 22
1 39
1 40
0 40
0 62
1 12
0 53
0 100
1 75
1 5
0 4
0 89
0 5
0 67
0 11
0 73
1 6
1 58
1 98
1 38
1 77
1 70
1 1
0 38
1 20
0 16
0 12
1 94
1 99
1 14
1 34
1 79
0 83
1 73
0 58
0 65
1 54
1 5
1 78
1 38
1 40
0 94
0 70
0 5
1 100
1 86
1 62
1 2
0 14
0 85
1 16
0 93
1 90
0 75
0 40
1 69
0 34
0 86
0 38
0 98
1 38
0 79
0 39
0 22
0 62
0 78
0 73
0 16
0 90
0 20
1 16
1 39
1 57
0 39
0 69
1 65
1 55
0 54
0 6
1 74
0 16
1 5
0 1
0 5
0 55
1 51
0 38
0 51
1 52
1 43
0 43
1 30
1 1
1 81
1 82
1 83
1 58
1 72
0 58
0 2
0 83
0 10
1 43
1 22
1 39
0 82
1 58
1 2
0 30
1 23
0 77
0 52
0 72
1 42
0 57
0 24
1 78
1 56
1 76
0 65
0 39
1 9
1 40
0 2
1 24
1 82
1 36
1 20
1 69
0 36
0 69
1 36
0 76
0 20
1 35
1 90
1 93
1 83
1 34
1 2
1 21
0 1
0 36
0 2
1 14
1 84
1 1
0 99
0 93
1 75
1 54
1 92
0 83
1 2
0 40
0 9
0 58
0 34
0 22
1 25
0 82
1 12
1 51
1 97
1 69
1 26
0 74
0 54
0 42
1 73
1 13
1 98
1 91
0 98
0 13
1 6
0 84
0 25
1 33
1 34
1 98
1 84
1 44
1 7
1 93
1 52
1 65
1 87
0 90
0 7
0 52
0 35
1 57
0 100
0 26
1 85
0 65
1 76
1 88
1 13
1 77
0 1
1 17
0 76
1 39
0 23
0 81
1 15
0 78
0 73
1 99
0 13
0 56
0 85
1 100
0 12
0 93
1 11
0 34
1 1
0 43
1 7
1 59
1 41
0 98
1 12
1 70
1 94
1 34
