1000
1 44
0 44
1 22
1 31
0 22
0 31
1 12
0 12
1 7
0 7
1 77
1 44
1 22
0 44
0 77
0 22
1 96
0 96
1 29
1 50
0 50
1 59
0 59
0 29
1 36
1 47
0 36
1 74
0 74
1 10
1 11
0 10
0 47
1 81
0 11
1 28
1 48
0 48
0 81
0 28
1 49
1 96
0 96
0 49
1 90
0 90
1 63
0 63
1 80
0 80
1 89
0 89
1 1
0 1
1 48
1 53
1 66
1 29
0 48
1 89
0 29
0 53
0 89
1 5
1 38
0 5
1 88
0 66
1 31
1 74
1 33
0 88
1 28
0 33
0 28
1 4
1 34
1 17
0 31
1 87
0 87
1 72
1 13
0 72
1 66
0 74
0 38
0 17
1 41
0 13
1 31
1 43
1 18
0 43
1 99
1 94
1 15
0 99
0 66
1 100
0 94
0 31
1 20
1 8
0 34
1 31
1 71
1 48
0 18
0 100
1 12
0 71
1 77
0 12
1 16
0 31
0 8
1 17
1 35
1 62
1 5
0 15
0 48
1 42
1 29
1 60
0 17
0 35
1 21
0 60
0 77
0 16
1 57
1 43
0 62
0 57
1 49
0 29
0 41
0 5
0 20
0 49
1 55
1 99
1 3
1 11
0 55
1 35
1 9
0 35
1 54
0 3
1 39
0 42
1 55
1 38
1 24
1 10
0 43
0 39
1 46
0 9
1 5
0 11
0 99
0 46
0 54
0 38
1 76
0 76
0 10
0 21
1 28
1 64
0 64
0 4
0 28
0 5
1 38
1 76
0 38
1 38
1 11
0 55
1 28
0 28
0 38
0 76
0 24
0 11
1 65
1 23
0 23
0 65
1 62
0 62
1 81
0 81
1 48
0 48
1 51
0 51
1 35
1 94
1 84
1 89
1 25
0 89
0 25
0 35
1 3
0 3
0 84
0 94
1 50
0 50
1 77
1 1
1 3
0 77
1 8
0 1
1 66
0 3
1 88
1 37
1 87
0 87
1 17
0 8
0 66
1 72
0 17
0 37
0 72
1 5
1 57
1 28
0 57
0 5
1 12
1 94
1 81
0 88
0 81
1 96
1 54
1 11
1 73
1 70
1 31
1 92
1 87
1 95
0 87
0 31
0 92
0 70
1 81
0 96
0 54
1 56
0 56
1 19
1 44
1 85
1 49
1 53
1 14
1 86
0 14
1 82
1 71
0 49
1 39
0 85
1 83
0 11
0 28
0 71
1 15
1 25
1 65
1 20
1 13
0 44
1 55
1 87
0 73
0 55
0 82
0 20
0 25
1 2
1 89
1 16
0 2
0 16
0 39
0 15
1 59
0 12
0 13
0 19
0 53
0 83
0 87
0 81
0 95
1 3
1 10
1 56
1 95
0 95
1 75
1 87
1 60
0 56
0 59
1 40
1 80
1 71
0 65
0 89
1 92
0 75
1 88
0 94
0 87
1 77
1 87
0 80
1 33
0 92
1 64
1 4
1 97
1 2
0 86
1 17
0 87
1 56
1 67
0 71
0 40
0 3
1 26
1 65
0 33
1 57
0 2
1 42
0 97
0 67
0 88
0 17
1 22
0 77
1 41
1 66
1 96
0 56
1 43
0 66
0 60
0 10
0 26
1 74
0 22
0 57
1 24
0 24
1 91
1 84
1 44
1 77
0 41
0 42
0 77
0 84
1 75
0 91
1 76
1 1
1 5
1 91
1 27
0 96
1 8
1 50
1 35
0 43
1 21
0 21
0 74
1 92
1 40
0 92
0 40
1 69
1 13
0 13
1 82
1 36
1 46
0 65
1 57
0 50
0 36
0 82
0 76
0 5
1 28
1 33
1 39
1 36
1 26
1 37
1 9
1 82
1 38
0 8
1 23
1 81
0 57
0 44
0 37
1 29
1 52
0 36
0 27
0 28
1 36
1 70
0 46
0 38
1 76
0 33
0 9
1 32
0 82
1 43
1 92
0 43
0 52
0 29
0 91
1 19
0 64
1 71
1 52
1 63
1 45
1 77
1 62
0 32
0 63
0 35
1 2
0 76
1 97
0 36
0 23
1 50
1 74
1 5
0 81
1 41
1 51
1 79
1 13
1 8
1 65
0 70
1 63
0 19
0 79
1 98
1 78
1 3
0 2
1 10
0 69
0 8
0 97
1 68
1 8
1 96
0 52
0 96
1 15
0 98
1 64
0 13
1 69
1 17
0 62
1 76
1 18
0 45
1 55
1 37
1 99
1 93
1 48
0 1
0 78
0 10
1 25
1 54
1 27
1 56
1 40
1 61
0 68
1 80
0 25
1 6
1 10
0 54
1 7
0 6
1 78
1 53
1 79
0 65
1 52
0 41
1 70
0 92
1 66
0 99
1 100
0 4
1 67
0 53
0 3
0 18
1 4
1 21
0 17
0 80
0 4
0 77
1 19
0 26
0 78
1 28
1 32
1 20
1 36
1 53
0 8
1 8
0 40
1 77
1 54
0 66
0 10
0 8
1 25
1 49
0 28
1 98
0 48
1 89
0 98
0 70
0 32
1 38
1 57
1 92
0 20
1 90
1 58
0 7
1 80
0 79
1 99
1 96
0 92
1 40
0 75
0 56
0 21
1 41
1 42
0 55
1 43
0 52
1 87
0 41
0 69
1 31
1 78
1 98
1 29
1 79
0 76
1 52
1 81
0 57
0 27
0 58
1 55
1 9
1 56
0 81
1 41
1 88
0 19
1 16
0 42
1 57
1 91
0 80
0 29
1 30
1 86
1 34
0 51
0 49
0 15
1 10
1 28
1 44
1 51
1 1
0 50
1 60
0 43
0 61
0 31
0 98
1 42
0 5
1 58
1 11
1 59
0 91
1 22
0 57
1 17
1 68
1 66
0 99
1 94
0 44
0 59
0 42
1 80
1 3
1 20
0 77
1 7
0 36
0 7
0 10
1 31
0 58
1 44
0 38
1 32
0 11
0 28
0 16
0 37
1 57
0 74
0 88
1 33
0 93
0 20
0 1
0 68
0 78
0 30
1 24
0 100
0 39
1 88
0 52
1 2
0 34
1 4
0 89
1 89
0 80
1 72
1 42
0 71
0 88
1 47
1 58
1 29
0 58
0 94
1 18
0 41
1 88
1 98
0 17
1 99
1 26
1 61
0 72
0 67
1 76
1 19
0 87
1 41
0 32
1 7
1 65
1 17
0 90
0 54
1 54
1 100
1 84
0 54
1 32
1 34
1 85
1 97
1 11
0 99
1 35
0 24
0 84
1 48
1 62
0 63
1 99
0 33
0 97
1 1
0 1
1 72
0 19
1 58
0 57
1 13
1 39
0 35
1 78
0 7
1 87
0 40
0 26
1 91
1 94
0 85
0 65
1 14
1 5
0 13
1 83
1 97
0 88
1 1
0 44
1 54
0 25
1 57
0 41
0 64
0 55
0 5
1 63
1 77
1 73
0 3
1 74
0 32
0 87
0 78
1 52
0 100
0 1
1 28
1 43
1 32
1 24
1 26
1 49
0 73
1 59
0 42
0 98
1 98
1 95
0 49
0 66
1 100
1 30
0 63
0 77
0 18
0 4
0 74
1 23
1 55
0 26
1 41
0 56
0 48
1 25
1 56
1 68
0 57
0 56
1 77
0 68
0 83
0 9
0 98
1 98
0 95
1 26
0 89
1 63
1 7
1 93
0 59
1 46
0 51
1 33
1 35
1 13
0 39
0 93
0 79
1 82
1 36
0 54
0 35
0 97
1 65
1 64
1 90
1 51
0 31
1 66
1 38
0 66
0 23
1 73
1 97
1 59
1 39
0 14
0 72
1 3
0 58
0 38
1 15
1 1
0 91
0 51
0 2
0 25
1 66
1 71
1 37
1 27
1 16
0 24
1 14
1 31
0 86
0 22
1 67
1 48
0 65
0 33
0 98
0 15
1 15
0 97
0 31
0 27
1 83
0 55
0 26
0 7
1 6
1 68
0 94
1 86
0 16
1 35
0 100
1 56
0 47
0 1
0 66
1 58
0 48
0 15
1 65
1 85
1 15
1 97
0 37
1 66
0 62
1 54
0 6
1 16
1 55
1 22
1 42
0 65
1 5
0 73
1 9
1 89
1 69
0 52
1 45
0 71
1 70
1 44
0 82
1 47
1 48
1 57
0 70
0 5
1 18
0 15
1 15
1 37
0 77
0 41
0 99
1 52
1 81
0 53
0 18
0 89
0 48
0 54
1 82
0 29
0 55
1 98
0 67
1 20
0 64
0 42
1 72
0 28
1 18
0 30
0 96
0 47
0 85
0 34
1 12
0 37
0 61
0 15
1 87
0 46
0 69
1 94
1 99
1 69
0 14
0 57
0 17
0 13
1 25
0 60
1 34
0 44
0 9
1 17
1 61
0 3
1 28
0 20
1 64
0 35
1 88
1 47
0 18
0 43
1 37
1 8
0 94
1 38
1 29
1 23
1 18
1 55
1 46
0 81
