1000
1 33
1 70
1 61
1 49
0 70
1 21
1 72
0 72
1 91
0 21
1 36
0 61
1 76
1 55
1 20
1 51
0 55
0 91
0 20
1 64
1 12
1 25
1 95
0 12
0 95
1 90
0 51
1 84
0 90
1 78
1 35
1 50
1 62
1 18
1 87
0 76
1 28
0 36
0 49
0 25
0 33
0 35
1 79
0 18
1 95
0 84
0 95
1 68
1 91
1 84
0 91
0 28
0 78
0 62
1 2
1 81
0 64
0 84
0 81
0 50
0 87
0 79
0 68
1 47
1 14
0 14
1 62
1 96
1 63
1 11
1 20
1 53
1 4
0 47
0 20
1 5
1 35
0 35
1 3
0 5
0 3
0 53
1 84
1 36
1 6
0 63
1 74
1 92
1 35
1 53
1 73
1 86
1 67
1 43
1 88
0 62
0 74
1 31
0 2
0 36
0 35
1 12
0 92
0 84
0 12
1 32
1 64
1 60
1 35
1 29
1 14
0 96
0 64
0 35
0 29
1 81
0 53
0 4
1 78
0 43
1 68
0 73
1 69
1 58
0 58
0 68
1 43
0 81
0 32
1 39
0 69
0 86
0 39
0 31
1 27
0 6
1 96
0 60
1 45
0 78
1 75
0 75
1 18
1 4
0 11
0 67
1 64
1 86
0 86
0 4
0 18
1 7
0 45
1 89
0 14
1 44
1 35
1 61
1 98
1 38
0 27
0 61
1 39
0 43
1 17
1 40
0 98
0 7
0 44
1 41
1 1
0 1
1 20
0 17
0 40
1 43
1 27
1 53
0 96
0 43
0 88
0 89
0 20
0 39
1 68
1 21
0 27
0 68
1 33
0 41
0 53
1 1
1 43
0 35
0 1
1 62
1 30
0 43
1 63
0 30
1 13
1 53
1 59
0 38
1 77
1 65
1 20
1 97
1 4
0 13
0 77
0 33
0 53
1 22
0 97
1 92
1 31
1 80
1 23
0 65
1 12
0 92
0 23
1 50
0 59
0 50
1 54
1 25
1 77
1 38
1 44
0 31
0 80
0 54
0 12
1 70
0 44
0 4
1 58
1 30
0 21
1 54
0 54
1 54
1 3
1 39
0 70
1 10
1 17
1 75
0 75
0 10
1 24
0 17
1 75
0 24
1 40
0 77
1 74
0 22
1 68
0 20
0 25
1 20
1 28
0 39
1 100
1 24
1 47
0 30
0 3
0 38
1 31
0 58
0 68
1 9
1 36
1 34
0 20
0 47
1 37
1 39
0 63
1 81
1 8
1 97
0 75
1 53
0 97
0 36
0 9
1 35
0 81
1 11
0 34
0 37
0 11
0 35
0 31
1 5
1 58
1 93
0 28
0 62
1 29
1 71
1 57
0 93
0 5
1 28
0 39
1 70
1 81
1 99
1 91
0 58
1 59
1 12
1 92
0 57
1 3
0 24
0 81
0 100
1 26
1 76
0 91
1 100
0 99
1 73
0 40
1 84
1 23
0 26
0 76
0 28
0 54
1 16
1 19
0 59
0 71
0 12
0 16
1 26
1 59
0 84
1 1
0 64
0 74
1 30
0 53
1 49
1 81
1 60
0 70
1 12
1 69
0 30
0 69
1 55
0 19
0 60
1 76
0 76
0 92
0 29
1 60
1 86
1 7
0 59
1 79
1 77
0 81
0 26
1 50
1 70
1 81
1 95
0 86
1 15
1 75
1 80
0 81
0 23
0 50
0 73
0 79
1 11
0 75
1 16
1 10
0 95
1 88
1 4
0 3
1 9
1 17
0 16
1 29
1 65
1 50
0 55
1 35
0 35
0 65
0 12
0 11
0 50
0 70
0 17
0 15
0 8
1 20
1 27
0 88
1 36
0 100
0 29
0 77
0 4
0 1
1 87
0 27
0 49
1 30
1 62
0 62
1 11
0 10
1 2
0 30
0 80
0 60
0 20
0 11
1 43
0 2
0 7
1 76
0 43
1 27
0 87
1 87
1 20
0 20
0 76
1 28
1 47
1 19
0 19
1 95
0 36
0 27
1 16
0 9
1 14
1 3
0 95
0 28
0 16
1 18
0 14
0 47
0 87
0 18
0 3
1 54
0 54
1 12
1 71
0 12
0 71
1 16
1 4
0 16
1 49
1 43
0 43
1 75
0 4
0 75
0 49
1 35
0 35
1 37
0 37
1 52
0 52
1 40
1 37
0 37
0 40
1 39
0 39
1 66
1 49
1 3
0 66
0 3
0 49
1 9
1 70
1 53
1 65
1 91
0 9
0 91
0 70
1 89
0 53
0 65
0 89
1 80
1 98
1 45
0 98
0 45
1 76
0 76
0 80
1 60
0 60
1 18
1 17
1 6
1 55
1 16
1 72
0 18
1 27
1 38
0 38
1 62
1 10
1 15
1 63
1 90
0 10
1 36
0 17
1 39
1 96
0 27
1 21
1 78
1 85
1 71
1 69
1 3
1 47
1 48
0 36
0 63
1 79
1 74
0 6
1 84
1 2
1 34
0 55
0 85
1 20
1 49
1 97
1 95
1 36
0 71
1 52
0 47
0 95
1 9
0 90
0 9
1 64
1 57
0 16
0 21
1 31
1 46
1 75
0 72
1 59
0 59
1 21
0 21
0 48
1 66
0 64
0 96
1 16
1 25
1 65
0 31
0 36
0 75
0 74
1 9
0 78
1 4
0 66
1 18
0 65
1 31
1 73
1 11
0 97
0 84
1 40
1 6
0 69
0 16
1 16
0 3
0 25
0 52
0 49
1 93
1 96
1 94
1 71
1 33
0 6
0 57
1 19
1 24
0 20
0 18
1 7
1 68
0 73
1 90
0 24
1 83
1 38
0 15
0 38
0 7
0 16
1 80
1 95
1 87
0 19
0 46
0 68
1 59
1 46
1 60
1 85
0 46
0 96
1 42
1 81
0 81
0 2
1 21
1 41
1 43
1 44
0 83
0 80
1 81
1 69
0 39
0 90
1 64
0 33
1 65
0 31
0 65
1 61
0 62
0 4
1 24
0 93
1 48
1 80
0 60
1 17
0 95
0 44
0 21
0 85
1 88
1 19
1 97
0 71
1 44
1 89
0 59
0 69
1 20
0 40
1 23
1 6
0 23
0 80
0 61
0 17
1 98
1 65
1 17
1 26
1 7
0 11
0 89
0 7
1 69
0 34
0 42
0 81
0 88
1 82
1 14
0 97
0 26
1 53
1 1
1 50
0 9
0 50
1 93
1 60
0 93
0 53
1 15
0 1
1 42
1 16
1 40
0 65
0 20
0 16
0 48
1 61
1 65
1 1
0 64
0 98
1 76
1 37
0 69
1 56
1 29
1 59
1 46
0 59
1 64
0 19
0 60
0 79
0 29
0 41
1 18
1 80
0 42
0 65
1 77
0 82
0 87
0 64
0 80
1 45
1 47
1 36
0 36
1 19
1 63
0 45
1 38
0 15
0 63
1 39
1 3
1 32
1 68
1 52
1 4
0 17
0 76
0 61
1 89
0 39
1 20
1 8
1 30
1 21
0 47
1 95
0 3
0 1
0 77
1 66
1 96
0 20
0 46
0 96
1 7
1 62
0 4
0 7
1 34
1 57
1 85
0 52
0 6
0 34
0 57
0 44
1 50
1 77
1 5
1 96
0 95
0 94
0 18
0 24
0 14
0 8
1 76
0 62
0 50
1 35
1 80
0 37
1 98
1 14
0 96
1 59
0 85
1 78
0 35
1 84
1 15
1 75
0 84
1 71
0 15
1 81
0 81
0 38
0 30
1 60
0 60
1 92
0 78
0 5
0 66
0 98
1 15
1 16
1 90
0 92
0 32
1 17
0 56
0 68
1 83
1 78
0 19
0 15
0 89
1 95
1 57
1 8
0 75
1 29
1 45
0 78
1 42
0 21
0 14
0 80
0 43
0 83
0 90
0 77
0 42
0 59
0 45
0 29
1 20
0 16
0 40
0 76
1 33
1 90
1 91
0 90
1 97
0 71
1 9
1 61
1 59
1 14
0 20
0 57
0 9
1 34
1 55
0 33
0 55
1 49
0 14
1 100
1 38
1 23
1 11
0 34
1 67
1 14
0 95
0 97
1 63
1 86
1 39
1 88
0 38
0 63
1 18
1 35
0 49
0 18
1 73
1 9
0 88
0 91
1 40
0 11
0 73
1 77
0 8
1 92
1 64
0 9
1 45
1 18
1 6
1 90
0 86
1 44
1 87
1 69
1 65
0 6
0 69
0 59
1 8
0 64
1 46
1 11
0 100
1 91
1 84
0 77
0 87
0 91
0 46
0 92
0 35
0 39
1 46
0 44
0 84
0 23
0 8
1 27
0 27
1 32
0 18
1 99
1 31
0 32
1 48
1 62
0 90
0 67
1 72
1 50
0 48
1 32
1 80
0 31
1 63
1 49
0 46
1 94
1 84
1 52
0 52
0 65
0 14
1 85
0 11
1 1
1 83
0 45
0 85
0 61
0 63
1 95
