1000
1 52
1 51
0 51
1 66
0 52
1 28
1 32
1 4
1 25
1 20
0 32
1 5
0 4
0 25
1 52
1 98
1 25
0 5
0 98
0 66
1 47
1 89
0 52
0 89
1 45
0 20
0 28
1 28
1 98
0 47
1 91
1 85
1 66
0 25
1 23
1 46
1 38
1 92
1 37
1 39
0 28
1 13
1 47
0 38
0 46
1 8
0 37
1 29
0 29
1 15
1 97
1 46
0 85
1 38
0 8
1 64
0 97
1 8
1 5
1 57
1 67
0 57
1 82
1 75
0 8
1 2
0 46
1 42
1 97
0 15
1 76
1 88
1 43
0 45
1 18
0 39
0 38
0 97
1 40
1 56
1 28
0 28
0 40
0 47
1 35
0 64
0 2
1 6
1 24
1 93
0 92
1 58
1 54
0 35
0 24
1 70
0 82
1 99
1 72
1 51
0 88
0 98
0 91
0 18
1 87
1 69
0 87
1 60
1 29
0 29
1 53
0 54
0 72
0 69
1 15
1 50
1 78
0 51
0 23
0 70
0 53
0 75
1 85
1 28
0 13
1 30
1 41
1 44
1 34
1 20
1 63
0 42
0 63
1 47
0 56
0 76
0 6
1 29
0 60
0 78
1 8
0 28
1 68
1 54
1 31
0 93
0 58
0 20
1 61
1 51
0 31
1 76
0 41
1 69
0 50
1 74
0 67
0 76
0 85
0 5
0 44
0 47
1 35
0 30
0 8
1 50
1 41
1 86
0 51
1 64
1 32
0 32
0 99
0 64
1 52
1 16
0 52
0 35
1 7
1 70
0 41
0 43
0 70
1 51
0 50
1 56
0 86
1 78
0 34
0 16
0 56
1 56
1 36
0 36
0 78
0 56
0 66
1 91
1 66
0 66
1 52
1 4
0 51
1 2
0 54
1 70
0 52
1 19
1 5
1 14
1 89
1 8
1 75
1 6
0 15
1 27
1 77
0 19
1 9
1 19
1 22
0 6
0 5
0 74
1 59
0 22
0 9
0 75
0 27
1 27
1 90
0 68
1 75
0 27
1 31
1 43
1 58
1 54
0 31
0 7
1 44
0 29
0 70
0 8
1 24
0 44
1 62
1 65
0 62
1 62
1 42
1 34
0 14
1 78
0 90
0 89
1 79
0 75
1 60
1 86
1 30
0 43
0 78
0 77
0 19
0 4
1 93
0 42
0 61
1 51
1 44
1 17
1 22
1 71
0 59
0 69
0 62
0 44
1 43
0 71
1 61
0 54
1 19
1 55
0 60
0 2
0 55
1 26
1 5
1 67
0 43
0 19
1 92
1 53
0 53
1 20
1 23
1 4
0 91
1 6
1 75
0 79
0 17
1 88
1 9
1 45
1 69
1 55
1 21
1 68
0 22
1 94
0 75
0 55
1 64
0 86
0 20
1 15
0 93
1 93
0 34
0 9
0 68
1 53
0 88
1 95
1 96
0 26
0 15
1 3
1 54
0 23
0 58
1 25
1 76
0 61
0 67
1 7
0 94
0 7
1 73
1 22
0 30
0 65
0 93
0 92
0 21
1 26
1 19
0 76
0 4
1 60
1 84
1 30
0 6
0 24
1 57
1 65
0 30
1 46
1 79
1 47
0 54
1 97
1 62
0 73
1 20
1 76
1 4
1 23
1 52
1 75
0 95
1 80
1 44
0 64
1 13
0 60
0 53
1 86
0 13
0 65
0 69
0 76
1 55
1 30
0 62
0 47
0 52
0 80
0 84
1 40
1 66
0 44
0 51
0 20
1 44
0 86
1 1
1 11
0 4
0 46
1 56
1 49
0 3
1 21
1 53
1 39
0 66
0 75
1 84
0 96
0 79
0 23
0 1
0 5
1 96
1 18
1 42
1 31
1 36
0 55
0 57
0 19
0 45
1 68
1 83
1 79
1 24
1 32
1 41
1 65
1 13
0 11
0 68
0 21
1 77
1 19
1 20
1 52
1 1
0 22
1 10
0 36
0 44
1 27
1 66
0 18
0 25
1 99
1 54
1 89
1 67
1 85
0 53
1 78
1 74
1 59
0 30
0 54
0 42
1 9
0 74
0 85
0 89
0 9
0 10
0 84
1 68
0 65
1 69
0 13
0 32
1 80
0 26
1 42
0 19
0 97
0 99
1 84
0 52
0 83
1 48
1 22
0 1
0 77
1 93
0 20
1 87
1 14
1 38
1 70
1 90
0 59
1 47
0 96
0 14
0 31
1 74
0 80
0 27
1 75
1 64
0 48
0 75
1 18
0 18
1 21
0 70
1 88
0 22
0 68
1 34
1 60
0 60
0 87
0 39
0 41
1 57
0 42
1 96
1 82
0 40
0 96
0 79
1 18
0 57
1 20
1 50
1 58
1 3
0 74
1 22
1 23
1 76
0 21
1 2
1 79
0 67
1 75
0 78
1 67
0 69
0 34
1 57
1 40
1 99
1 72
1 83
1 54
1 12
0 20
1 60
0 12
1 85
0 84
0 60
1 44
0 82
0 99
1 65
1 17
0 85
1 61
1 69
0 69
0 76
1 89
1 96
1 91
1 51
1 20
0 75
0 20
0 89
0 47
1 68
1 32
1 84
1 28
0 32
0 49
1 39
1 60
1 94
1 33
0 33
1 45
1 46
0 18
0 50
1 100
1 63
1 87
0 57
0 90
0 54
1 4
1 57
1 80
0 3
1 18
1 16
1 32
1 37
1 42
1 25
0 40
0 87
0 88
0 83
1 81
0 81
0 23
1 95
0 38
0 68
1 19
1 73
1 26
1 52
1 59
1 27
0 80
1 76
1 9
0 94
0 73
1 20
0 76
1 23
1 85
1 73
1 31
0 45
1 88
1 69
1 6
1 36
1 11
0 44
0 36
1 13
1 34
1 10
1 12
0 96
1 29
0 16
0 61
1 78
1 43
0 29
0 84
1 68
1 74
0 34
1 75
1 29
1 15
0 79
1 70
0 78
1 36
0 25
1 25
0 12
0 25
0 73
1 55
0 100
1 7
1 99
0 28
1 21
1 71
1 61
1 94
0 43
1 25
1 92
0 9
1 76
0 31
1 43
1 89
1 77
1 33
1 96
0 92
0 20
0 58
1 97
1 73
0 22
1 90
1 58
0 96
1 78
1 31
1 40
0 85
1 12
1 8
1 79
0 7
0 52
1 5
0 68
1 62
1 47
1 85
1 34
0 43
0 21
0 77
1 14
0 58
1 92
0 56
0 89
1 68
1 98
1 38
1 21
0 66
0 34
0 13
1 22
1 80
0 4
0 38
1 20
0 55
1 7
1 100
0 92
0 46
0 69
1 16
0 36
0 12
0 32
1 38
0 29
1 82
1 86
1 12
0 65
0 5
1 28
0 100
1 100
0 88
1 9
1 29
1 46
1 87
0 25
1 69
1 25
1 81
0 93
1 77
1 1
0 63
1 88
0 11
1 41
1 92
0 21
0 24
1 89
1 83
0 27
0 31
1 84
1 3
0 85
1 58
0 16
0 59
1 54
1 63
0 94
1 93
1 85
0 60
0 67
0 70
1 34
0 33
0 71
0 10
0 81
1 81
0 42
0 89
1 50
1 4
0 34
0 81
1 65
0 47
1 42
0 17
1 53
1 30
0 42
0 61
1 42
1 94
1 89
0 8
0 4
1 43
0 92
1 66
0 7
1 67
1 4
0 78
1 81
1 32
0 68
1 27
0 25
1 7
0 12
0 83
1 78
1 10
1 31
1 96
1 68
1 5
0 40
0 15
1 8
1 11
0 94
0 85
1 92
1 24
1 70
0 30
0 23
0 5
0 89
1 12
1 89
0 50
0 63
0 66
1 85
1 66
0 80
1 52
1 16
0 74
1 30
0 77
0 64
0 96
0 57
0 16
1 71
1 33
0 51
1 94
1 63
1 74
0 67
0 11
0 52
1 15
1 67
0 8
0 92
1 51
1 40
0 89
0 78
1 52
0 7
1 23
0 39
1 11
0 54
1 21
1 25
1 5
0 19
1 34
1 7
1 13
0 33
1 96
1 8
0 53
1 16
0 5
1 33
0 40
0 58
1 5
1 17
0 28
1 19
1 28
0 82
0 28
0 31
0 63
1 31
0 7
0 24
1 89
0 70
1 7
0 30
1 24
0 46
0 90
1 92
0 16
0 43
1 55
0 94
1 82
0 12
1 35
1 56
1 90
1 94
1 28
0 41
0 34
1 80
0 76
0 88
1 43
0 85
0 13
1 70
1 30
1 12
0 62
1 34
1 57
1 85
0 72
0 25
1 44
0 24
1 36
1 16
1 53
1 24
0 74
0 18
0 33
0 87
1 13
1 33
0 43
1 76
0 79
1 18
0 26
0 28
1 25
1 72
0 11
1 11
0 84
0 34
1 26
0 95
1 64
1 58
1 74
1 77
0 38
1 28
0 86
0 22
1 22
1 95
0 37
0 5
0 75
1 59
0 70
1 60
0 2
1 61
0 60
1 2
0 89
