1000
1 20
1 28
0 28
1 23
1 80
0 20
0 23
1 30
1 61
0 80
0 61
1 89
1 39
0 89
1 94
0 39
1 44
0 44
1 26
0 30
1 87
1 71
0 71
0 87
0 94
1 46
0 26
1 36
0 46
0 36
1 55
1 35
0 55
0 35
1 64
0 64
1 79
1 100
0 79
1 43
0 100
1 99
0 43
0 99
1 74
0 74
1 89
0 89
1 44
1 3
0 3
1 29
0 44
0 29
1 51
0 51
1 34
1 73
0 34
1 67
1 16
1 44
0 67
1 20
0 20
1 64
0 64
0 16
1 14
0 73
0 14
1 31
1 70
1 93
1 26
1 96
1 62
0 44
1 64
1 27
0 70
1 10
0 93
0 10
0 26
1 15
0 15
0 96
1 53
1 15
0 31
1 10
1 26
1 80
0 62
1 89
0 89
0 26
1 5
0 27
0 15
0 64
1 25
0 10
0 25
1 66
1 84
1 10
1 1
1 70
1 82
1 65
1 8
0 82
1 19
1 29
1 64
0 19
1 90
0 1
0 29
1 35
1 13
1 47
1 77
0 35
1 35
1 73
0 73
1 48
1 28
0 53
1 78
0 48
1 9
0 10
1 54
1 32
0 28
1 59
0 90
0 66
1 68
1 36
1 48
1 23
0 54
1 37
1 71
0 47
1 97
0 36
1 28
1 14
0 9
0 68
0 59
1 25
0 97
0 28
1 46
1 1
1 38
0 5
0 46
0 71
1 17
1 73
1 26
0 26
0 1
0 37
1 98
1 18
1 2
0 80
1 85
1 58
1 27
1 61
1 93
0 48
1 6
1 42
0 38
1 67
0 70
0 35
1 24
0 17
1 81
1 66
1 95
0 2
0 14
1 33
1 80
1 26
1 74
0 13
0 33
0 65
1 79
0 26
0 66
1 37
0 95
0 37
0 79
0 78
0 23
0 27
0 24
1 31
1 22
0 25
1 68
1 51
0 68
1 54
1 27
0 80
1 95
0 61
0 58
0 81
1 50
0 22
1 40
1 52
1 92
0 64
0 27
0 50
0 95
1 89
0 8
0 92
0 85
1 33
1 81
0 6
1 83
1 19
0 67
1 76
0 32
1 49
0 31
0 74
0 18
0 42
0 73
1 67
0 77
1 50
1 77
1 78
1 12
1 92
1 99
0 12
0 78
1 32
1 73
0 49
1 87
1 72
1 55
1 48
0 84
1 56
0 89
1 47
0 55
0 87
0 83
1 100
0 56
1 16
1 1
1 60
1 95
1 87
1 53
0 93
1 86
1 71
0 50
0 87
0 52
1 31
1 74
1 38
1 30
0 30
1 20
1 87
1 88
1 39
0 76
0 92
1 2
1 34
1 89
1 21
0 86
0 60
1 75
0 31
1 22
0 81
0 1
1 30
1 41
1 64
0 54
1 76
1 23
1 49
0 38
1 54
1 79
1 60
1 37
1 5
0 33
0 40
0 37
0 67
1 24
0 77
1 56
0 16
0 23
1 26
0 30
1 50
0 49
0 87
1 1
0 72
0 73
1 23
1 49
0 24
0 64
0 51
1 4
1 40
1 77
0 95
1 80
0 5
0 34
1 8
1 34
0 47
1 43
1 69
0 19
0 4
0 76
0 77
1 33
0 21
0 56
1 30
1 19
0 80
1 96
0 60
1 27
1 6
0 75
1 45
1 65
1 51
0 74
0 39
0 43
1 13
1 35
0 22
1 25
1 55
1 70
0 51
1 7
0 30
0 13
1 42
1 97
0 6
1 56
0 55
0 49
1 93
1 94
0 20
1 31
1 39
0 56
0 50
0 65
0 25
1 90
0 33
1 21
0 94
0 42
0 54
1 33
1 3
1 51
1 36
1 91
0 33
0 90
0 96
1 81
1 56
1 94
1 85
1 67
1 59
1 54
0 53
1 49
1 24
0 93
0 49
0 89
0 19
1 49
0 41
1 66
0 51
0 21
0 85
1 28
1 25
0 79
0 70
1 22
0 94
0 59
0 71
0 22
1 57
1 17
0 31
0 34
1 41
1 55
1 89
1 79
1 72
0 39
0 98
1 96
1 13
0 2
1 14
1 51
0 26
1 82
0 81
1 42
1 9
0 45
1 10
0 13
1 2
1 6
1 11
1 86
1 4
1 87
0 6
0 89
1 89
0 89
0 96
1 68
1 5
1 30
1 90
0 82
0 41
0 100
0 4
0 23
0 17
0 8
1 34
0 54
0 5
1 12
1 43
1 4
1 61
1 58
0 87
1 26
0 61
1 46
1 64
1 45
1 70
1 80
1 65
1 21
1 22
0 34
1 52
1 92
0 90
1 15
0 1
0 4
0 21
1 41
1 73
1 29
1 53
1 50
0 48
0 3
1 59
0 22
0 53
0 28
1 84
1 13
0 11
1 48
1 96
0 99
1 19
0 84
1 16
1 28
0 55
1 53
1 98
1 1
0 28
1 60
0 80
0 9
0 32
1 31
0 91
0 68
0 98
1 4
0 88
1 54
1 5
0 48
0 67
1 74
0 24
1 67
0 67
1 68
1 55
0 7
1 61
0 30
1 44
0 96
0 10
1 71
1 17
0 51
0 86
1 51
0 68
0 64
0 72
1 9
0 53
0 41
0 43
0 16
0 14
1 62
0 59
1 14
0 92
1 59
1 22
1 99
1 3
1 48
1 100
0 60
1 72
0 45
0 55
0 50
0 14
1 53
1 75
0 2
0 42
1 96
0 65
0 99
1 6
0 49
1 55
1 28
0 70
1 94
0 12
0 28
0 27
1 14
0 52
0 48
0 56
1 7
1 70
0 100
0 71
1 60
0 79
1 42
0 15
0 57
1 65
1 11
0 40
0 62
1 32
1 39
1 88
0 66
0 4
1 71
1 86
1 84
1 78
0 25
1 15
1 90
1 77
0 97
1 8
1 20
0 39
0 71
0 7
1 40
0 9
1 62
0 77
0 73
1 23
0 29
0 19
0 6
1 37
0 78
1 38
0 40
0 36
1 89
0 13
0 54
1 80
0 3
0 86
0 53
0 62
0 37
1 12
0 15
1 97
0 96
0 31
1 62
0 17
0 65
1 95
0 1
1 41
1 65
1 56
0 35
0 11
0 46
0 70
1 18
0 65
1 9
1 96
0 88
1 99
0 58
1 31
1 81
1 57
1 71
0 20
0 71
1 33
0 60
0 59
1 43
0 95
0 44
0 61
1 71
1 63
0 14
1 73
0 12
0 22
1 59
0 26
0 94
1 44
0 33
0 73
0 89
1 73
1 47
0 96
1 33
1 24
0 5
0 75
0 90
1 20
0 41
1 88
0 32
0 71
0 55
0 97
0 23
0 47
1 89
0 80
1 54
1 48
1 55
1 92
1 12
0 18
1 46
1 64
1 66
0 44
1 65
1 67
0 67
0 42
1 3
0 74
0 59
0 51
1 35
1 34
0 56
0 12
1 53
0 20
0 54
0 63
0 66
0 69
1 56
0 64
0 9
0 57
0 89
0 8
0 43
1 86
1 82
0 48
0 99
0 84
1 93
0 38
1 44
1 2
1 16
1 61
0 24
1 22
0 92
1 36
1 18
0 46
1 59
0 18
1 100
0 33
1 83
1 47
1 45
1 27
0 16
1 57
0 83
0 31
1 94
0 45
1 49
0 81
1 83
0 35
1 17
1 16
0 65
0 3
1 21
0 93
0 21
0 36
1 24
1 90
1 35
1 74
1 42
1 11
0 55
1 19
1 46
1 67
0 83
1 45
0 61
1 9
1 7
0 16
1 98
1 85
1 58
1 79
1 87
1 28
1 43
0 74
1 84
0 94
0 79
0 72
0 84
0 86
0 49
0 35
1 86
1 12
1 83
1 13
1 21
1 89
0 90
0 67
0 17
0 58
0 46
0 34
1 58
1 14
1 90
1 75
1 84
0 43
0 21
0 87
1 97
1 91
1 87
1 92
1 21
0 56
0 82
1 8
1 46
1 93
0 58
1 4
0 19
1 48
0 75
1 41
1 54
1 72
0 90
0 13
0 73
0 85
1 32
1 58
1 55
1 63
0 2
1 10
1 90
0 59
1 94
0 47
1 95
0 83
1 61
0 42
1 64
0 86
1 13
0 14
1 99
0 46
0 90
1 85
1 1
0 99
0 98
1 33
1 59
0 57
0 44
0 28
1 65
1 29
0 11
1 56
0 94
1 50
1 49
0 13
1 11
0 33
1 76
0 11
0 65
1 67
0 76
1 96
1 98
1 46
0 56
1 38
0 32
0 100
1 51
1 13
0 96
1 33
1 90
0 45
1 79
1 52
1 39
0 55
1 74
0 53
0 89
0 98
0 52
0 90
0 22
1 65
1 73
0 95
0 39
1 56
0 41
0 50
0 84
0 21
0 72
1 75
0 79
1 26
1 11
1 6
1 78
1 21
0 11
0 65
1 39
0 1
1 5
0 91
0 27
1 36
1 11
0 39
0 21
1 60
0 75
1 77
