1000
1 42
1 80
1 63
1 64
0 64
1 11
1 10
0 63
0 42
1 21
1 56
1 74
0 10
0 21
0 56
0 11
1 88
1 36
0 80
1 27
1 92
0 36
1 53
0 92
1 68
0 27
1 69
1 75
0 75
1 6
0 53
1 100
1 35
1 45
0 74
1 3
1 48
0 100
1 70
1 46
1 99
1 49
1 62
1 9
1 71
1 10
0 68
0 49
0 88
0 10
0 3
1 79
1 94
0 45
1 74
1 10
0 48
1 23
1 83
0 83
1 20
0 10
1 87
0 99
0 94
0 46
0 74
1 33
1 84
0 79
1 88
0 84
0 23
0 71
1 73
1 39
0 88
0 39
0 9
0 62
1 48
0 70
0 33
1 82
1 11
0 20
0 11
0 82
1 49
0 48
0 73
0 35
1 60
0 69
1 32
0 60
0 87
0 6
1 81
1 41
1 92
0 81
1 8
0 41
0 8
0 32
1 2
1 87
0 87
0 49
0 2
0 92
1 38
1 62
0 38
1 31
0 62
1 61
0 61
1 85
0 31
1 15
1 26
1 19
0 15
0 19
0 26
0 85
1 83
0 83
1 55
0 55
1 20
0 20
1 65
1 28
0 65
0 28
1 78
1 23
0 78
0 23
1 57
0 57
1 86
0 86
1 36
0 36
1 64
1 70
0 70
0 64
1 34
0 34
1 49
0 49
1 64
1 51
1 65
1 54
1 89
1 87
1 6
1 57
0 51
0 87
1 21
0 64
1 51
1 36
1 75
0 36
0 57
1 20
1 93
0 65
1 32
0 75
1 94
0 20
0 32
1 22
0 93
1 68
0 89
1 26
1 89
1 23
1 36
1 77
1 20
0 6
1 16
0 26
1 37
0 89
1 5
1 28
1 3
1 74
0 94
0 51
0 74
1 41
1 17
0 20
1 4
0 21
1 70
0 54
0 68
1 6
0 16
0 4
1 51
0 51
0 22
0 36
1 82
1 16
1 8
0 3
0 8
1 79
0 17
0 16
1 84
1 76
1 24
0 84
0 6
0 28
1 21
1 57
1 78
0 76
0 21
0 23
0 78
1 64
0 70
1 22
0 57
1 81
1 97
1 43
1 8
0 64
0 43
0 81
0 41
0 22
1 89
0 77
1 16
0 8
0 24
0 5
0 79
1 98
0 37
0 98
1 49
1 68
0 68
1 34
1 58
1 17
1 7
1 36
1 33
0 49
0 7
0 16
1 61
1 30
0 17
1 93
0 33
1 84
1 65
0 97
0 84
1 80
1 59
1 91
0 93
0 58
0 61
0 65
1 2
0 89
1 1
0 59
0 36
1 56
0 80
1 60
0 60
0 34
1 31
0 82
0 91
1 70
0 31
0 1
0 30
0 70
0 56
0 2
1 71
0 71
1 65
0 65
1 76
0 76
1 88
1 83
1 78
1 69
1 15
1 27
0 78
0 69
1 98
0 15
0 83
1 77
0 77
0 98
1 66
0 27
0 66
1 53
1 58
1 39
0 88
0 39
0 53
0 58
1 13
1 33
0 13
0 33
1 62
1 26
0 26
1 30
1 42
0 30
0 62
0 42
1 84
1 18
1 4
1 32
0 18
1 74
0 32
0 4
0 84
1 43
1 57
0 43
0 74
1 82
1 67
1 45
0 45
1 3
1 38
1 68
1 69
0 68
1 86
0 3
0 82
0 86
0 38
1 84
1 29
0 29
1 54
1 14
1 64
0 54
1 37
0 14
0 64
0 67
1 2
0 37
0 69
0 2
0 84
1 27
1 62
1 73
0 27
0 73
0 57
1 3
1 24
0 3
0 62
1 25
0 24
1 91
1 7
0 25
0 91
0 7
1 33
1 14
0 33
0 14
1 30
1 41
1 51
0 51
0 41
0 30
1 32
0 32
1 62
0 62
1 27
1 69
1 100
1 57
0 69
1 19
1 58
1 62
1 90
1 28
1 29
0 28
0 29
1 69
0 27
0 19
0 100
1 32
0 32
1 39
0 90
1 25
0 39
0 25
0 58
0 69
1 27
1 63
0 27
1 47
0 62
1 83
0 47
0 83
0 63
1 31
0 57
0 31
1 95
0 95
1 87
0 87
1 85
0 85
1 25
0 25
1 58
0 58
1 12
0 12
1 68
1 94
0 94
1 47
1 54
1 18
0 68
1 19
0 18
1 56
1 95
0 54
0 56
1 71
0 47
1 72
1 75
0 71
1 96
0 75
0 19
1 67
0 95
1 10
0 72
1 30
1 97
0 67
0 30
1 24
0 96
0 10
0 24
1 62
0 97
1 69
1 12
0 62
1 79
0 69
1 95
1 46
0 12
0 46
0 79
1 56
0 56
0 95
1 48
0 48
1 44
0 44
1 25
0 25
1 65
1 11
1 89
0 89
0 11
1 39
0 65
1 12
1 61
0 39
1 87
1 35
0 35
0 87
0 61
0 12
1 86
1 65
1 14
1 44
1 30
0 30
1 87
1 63
1 20
1 60
0 60
0 44
1 3
0 87
0 63
0 3
0 14
0 20
0 65
1 16
0 86
1 2
0 16
0 2
1 24
1 71
1 20
1 60
0 24
0 20
0 71
0 60
1 78
0 78
1 63
0 63
1 77
1 82
0 82
1 74
0 74
1 73
1 41
0 73
0 77
1 84
1 67
1 95
1 71
0 95
0 84
1 35
0 41
0 67
1 19
0 71
0 35
0 19
1 98
1 21
1 61
1 76
1 92
1 17
1 14
1 74
1 56
0 14
0 92
0 61
0 56
1 84
1 73
0 17
1 52
1 95
1 54
0 98
1 3
1 75
1 5
0 75
1 22
1 72
1 40
0 21
0 74
1 50
1 4
1 32
1 29
1 46
1 20
1 74
1 18
1 69
0 72
0 20
0 5
1 37
1 85
1 75
0 84
0 85
0 74
0 32
1 97
1 88
0 76
0 3
0 69
1 13
0 13
0 29
1 14
1 81
0 54
0 73
0 22
1 12
0 88
1 100
0 12
0 52
0 18
1 2
0 40
1 76
0 46
0 97
0 4
1 20
0 76
0 2
0 75
0 37
0 14
0 81
0 50
0 100
0 20
0 95
1 14
1 48
1 51
0 14
0 48
0 51
1 81
1 62
0 62
0 81
1 57
1 68
1 7
0 68
1 89
0 57
1 27
0 89
1 10
0 10
1 77
0 77
1 35
1 70
0 35
1 6
0 6
0 70
1 10
0 7
1 67
0 10
1 10
0 27
1 51
0 10
0 67
0 51
1 61
0 61
1 94
0 94
1 70
0 70
1 11
1 81
0 81
0 11
1 40
0 40
1 29
1 88
0 29
0 88
1 25
0 25
1 92
1 90
0 92
0 90
1 95
1 68
0 95
1 7
0 68
1 2
0 2
0 7
1 96
1 39
0 96
1 11
0 11
0 39
1 18
1 15
1 64
1 26
0 15
0 26
0 64
1 94
0 94
0 18
1 30
0 30
1 38
1 4
0 38
1 51
1 52
1 76
1 6
1 36
1 93
1 14
1 21
1 79
1 5
1 62
1 20
0 36
1 42
1 67
1 15
0 14
1 58
1 56
0 20
1 59
0 62
1 36
1 97
0 5
0 52
0 21
0 36
0 51
0 4
1 35
0 42
0 58
1 17
0 79
1 49
0 17
0 93
0 56
0 15
0 76
1 11
0 59
0 6
0 11
0 67
1 25
1 41
1 92
1 10
0 35
0 25
1 7
0 41
0 92
1 89
1 99
1 31
1 20
0 49
0 97
1 30
1 55
0 30
0 99
1 75
0 7
1 3
0 75
0 55
1 15
1 64
0 10
1 21
0 21
1 13
0 31
1 5
1 17
1 56
0 13
0 17
1 57
0 56
0 3
0 89
0 64
1 82
1 6
0 15
0 6
0 5
0 82
0 20
0 57
1 36
0 36
1 22
0 22
1 50
0 50
1 49
0 49
1 30
0 30
1 14
1 18
0 14
1 19
0 18
0 19
1 36
0 36
1 18
0 18
1 1
1 52
1 16
1 56
1 54
0 54
1 84
0 56
1 31
1 58
0 84
1 63
0 16
1 15
0 31
0 15
0 63
0 58
0 52
1 27
1 15
1 94
1 12
0 94
0 15
0 27
0 12
1 16
1 17
0 1
0 17
1 84
1 34
1 37
0 84
1 19
1 80
1 45
1 3
1 2
1 97
1 54
1 89
1 28
0 89
1 72
1 42
1 73
0 72
0 28
0 45
1 7
1 69
0 69
1 75
1 69
1 38
1 39
1 82
0 34
0 19
0 38
0 54
0 75
0 2
1 63
0 69
0 3
1 40
0 80
1 83
0 83
0 16
1 74
0 63
0 74
0 40
0 39
0 97
0 42
0 73
1 40
1 46
1 2
1 92
0 92
1 19
0 2
1 3
0 46
0 37
1 26
1 16
0 19
1 85
0 82
0 85
1 17
0 17
0 16
0 40
0 3
0 26
0 7
1 86
1 23
0 23
0 86
