1000
1 80
1 20
0 20
1 61
0 61
1 95
0 95
1 48
1 100
0 100
0 48
0 80
1 11
0 11
1 12
1 16
1 60
1 29
0 29
0 16
1 49
0 49
0 60
0 12
1 38
1 8
0 38
1 99
1 54
0 99
0 8
1 1
1 84
1 57
0 84
0 54
1 80
1 47
1 24
0 80
1 38
0 47
1 27
0 38
1 6
0 6
0 27
0 1
0 57
1 100
1 52
1 29
0 24
1 37
0 37
0 29
0 52
1 78
1 71
0 100
0 78
1 82
1 81
1 42
1 15
0 15
1 9
1 66
1 43
0 9
0 81
0 43
0 82
1 11
0 42
1 19
0 66
1 20
1 8
1 3
0 8
1 41
0 41
0 11
0 19
1 51
0 71
1 56
1 38
1 49
1 78
0 78
1 31
1 54
0 38
0 51
1 32
0 3
1 86
0 56
0 31
0 32
1 70
1 87
1 28
1 21
0 21
0 87
1 40
1 34
0 86
0 34
0 40
0 70
1 98
0 98
1 50
0 50
0 49
0 28
0 54
0 20
1 24
0 24
1 59
0 59
1 30
0 30
1 36
0 36
1 99
1 2
0 99
0 2
1 88
0 88
1 4
0 4
1 21
0 21
1 20
1 14
1 11
0 20
1 28
1 39
1 73
1 90
1 20
0 11
1 48
1 98
1 8
0 90
0 20
0 28
1 55
0 8
0 73
0 48
0 98
0 14
0 55
0 39
1 45
0 45
1 67
1 86
0 67
1 3
1 73
0 86
1 100
0 3
1 37
1 31
1 9
1 74
0 9
1 4
1 21
1 43
1 33
1 40
1 1
1 19
1 12
0 73
0 1
1 73
0 4
0 21
1 59
1 70
1 1
0 59
0 1
1 66
0 43
1 54
1 63
1 22
0 54
1 99
1 79
1 38
0 99
0 12
0 19
0 79
1 14
0 100
0 31
0 66
1 97
0 40
0 70
0 14
1 4
0 37
1 48
0 97
0 48
0 74
1 17
0 4
1 85
1 5
0 5
1 64
0 73
1 2
1 51
1 11
1 52
1 24
0 22
0 17
0 11
1 34
1 90
0 24
1 95
0 2
1 42
0 51
1 54
1 13
1 41
1 100
1 84
0 33
1 32
1 86
1 68
1 87
0 68
0 64
1 66
1 64
0 52
1 43
1 6
1 82
1 50
0 87
0 34
1 73
0 82
1 10
0 86
1 44
0 95
0 63
1 25
1 46
0 66
0 46
0 73
1 55
1 72
0 10
0 85
0 43
1 26
1 1
1 56
0 90
0 41
0 55
1 65
0 1
0 100
0 44
1 68
0 26
0 42
0 6
1 41
0 50
1 73
1 29
0 56
0 64
1 28
1 50
0 72
0 65
1 14
1 11
1 8
0 32
0 29
1 10
1 12
1 32
0 41
1 22
1 7
0 10
1 62
0 73
0 14
1 87
1 14
0 38
1 15
0 50
0 87
1 90
1 23
0 13
1 45
1 9
0 84
1 10
0 54
0 11
0 32
0 22
0 25
1 75
1 20
0 12
0 20
0 90
1 71
1 56
1 16
1 3
0 75
1 13
1 22
1 70
1 67
1 84
1 53
0 16
1 90
1 18
1 89
1 34
0 10
0 13
1 94
1 63
0 68
1 54
0 71
0 7
1 68
0 90
1 99
1 72
0 53
1 19
1 55
1 21
1 41
0 45
1 82
1 47
0 82
0 21
0 72
1 42
0 3
0 99
0 19
1 45
0 9
0 55
0 84
0 8
0 89
0 28
0 42
0 68
1 87
0 94
1 96
0 23
0 34
1 83
0 18
1 93
0 15
1 64
1 76
0 96
1 82
1 99
0 83
1 90
1 35
0 47
1 8
1 73
0 82
0 93
0 70
1 48
1 91
1 4
1 74
0 99
0 54
0 90
0 56
1 15
1 18
0 64
0 18
1 96
1 84
1 52
1 36
0 45
0 67
0 14
1 17
0 15
1 67
0 73
0 76
1 24
1 33
1 85
1 20
0 41
0 22
1 28
1 31
1 94
1 100
1 21
1 71
1 86
1 37
1 38
0 86
0 71
1 71
0 37
0 96
0 48
1 29
0 67
1 41
1 56
1 12
1 86
0 17
1 93
0 38
1 42
0 93
1 65
0 41
1 10
0 87
0 84
0 10
0 4
1 39
0 71
1 57
0 91
0 65
1 25
1 53
1 44
1 99
1 45
1 88
0 24
1 58
0 36
0 12
0 31
1 27
0 29
1 24
0 94
0 39
0 62
0 63
1 75
0 75
0 8
0 88
1 54
1 59
1 62
1 17
1 46
0 85
0 62
1 39
0 86
1 78
0 42
0 45
0 53
0 58
0 78
0 99
0 59
0 28
0 54
1 99
0 33
1 97
1 40
1 45
0 21
1 63
1 72
1 76
1 89
1 36
1 23
0 56
1 15
0 52
0 44
0 99
0 23
0 100
0 27
1 87
1 7
0 87
0 39
1 59
0 20
0 25
0 15
0 36
1 41
1 47
0 45
0 40
0 46
1 52
0 57
0 89
1 73
0 24
1 69
0 59
0 63
0 35
0 7
1 68
1 89
1 90
0 89
1 70
1 48
0 48
0 17
1 30
0 69
1 81
1 3
0 3
0 90
0 76
0 47
0 97
1 80
0 70
1 14
0 73
1 93
0 30
0 68
0 14
1 20
1 29
1 95
1 31
1 7
0 52
0 29
1 36
0 72
0 20
1 21
0 36
1 1
0 80
0 93
1 77
1 10
1 12
1 57
1 13
1 58
0 12
1 86
0 7
0 57
1 96
0 31
1 53
1 27
1 100
1 22
0 81
1 54
1 23
0 21
1 79
1 49
0 95
0 58
1 98
1 38
0 98
0 49
0 86
0 27
1 48
0 96
1 11
1 80
0 54
1 30
1 75
0 79
0 48
1 54
1 96
0 53
0 13
0 11
1 55
0 10
0 1
0 80
0 22
1 50
1 91
0 38
1 89
0 75
1 68
0 68
1 21
1 31
0 55
0 41
1 34
0 34
1 94
0 91
1 42
1 79
0 21
0 23
1 33
0 74
1 66
1 75
0 66
0 31
1 11
1 26
1 38
0 26
0 94
1 3
1 44
1 99
1 12
1 7
1 68
1 46
1 78
0 54
0 3
0 7
0 96
0 50
1 76
1 82
0 42
0 75
0 100
0 30
1 8
0 8
0 82
1 58
1 94
1 62
1 88
0 79
1 40
0 40
0 11
1 93
1 80
1 49
0 93
1 100
1 54
0 49
1 63
0 88
0 62
0 58
0 99
0 12
0 38
1 92
0 94
1 60
1 84
1 97
1 79
1 98
1 41
1 65
0 80
1 64
1 28
1 50
0 50
1 47
0 47
1 53
0 64
1 80
1 71
0 68
0 92
1 69
1 23
0 100
0 46
0 44
0 60
0 23
0 98
0 65
0 97
1 51
1 7
1 6
0 84
0 79
1 79
1 25
0 7
0 41
1 95
0 54
0 89
0 78
1 9
0 28
1 88
0 69
1 36
0 53
1 8
0 77
1 34
0 36
1 52
0 51
0 52
1 81
0 95
0 6
1 24
1 22
0 76
1 76
0 34
1 27
1 26
1 50
0 88
0 81
1 28
0 9
0 25
0 76
1 93
0 33
1 34
1 25
1 29
0 80
1 30
1 90
1 11
1 72
1 32
0 93
0 63
0 27
1 40
0 22
1 12
1 95
0 11
1 62
1 7
1 13
0 24
1 86
0 7
0 25
0 50
1 6
0 62
1 45
0 34
1 64
0 90
0 45
1 9
0 26
1 74
0 8
0 72
0 40
1 10
0 13
0 95
0 71
1 96
0 79
1 99
1 51
1 19
0 28
0 12
0 74
0 96
1 82
0 51
0 86
1 69
1 7
0 29
0 6
1 53
1 98
1 54
1 46
1 95
1 1
1 18
0 69
0 32
0 10
0 46
0 54
0 64
1 42
1 86
0 19
1 91
1 62
0 18
1 38
0 1
0 98
1 19
1 39
0 30
1 44
1 21
1 56
0 9
1 25
1 13
1 79
0 38
1 63
1 61
1 65
1 100
1 78
1 6
0 21
1 89
0 95
0 65
0 99
0 42
0 53
0 78
0 91
0 86
1 57
0 6
0 63
1 84
1 22
1 36
0 19
0 79
0 61
0 89
0 36
0 13
1 91
1 51
0 84
1 29
0 29
0 22
0 56
1 83
1 99
1 75
1 34
0 82
1 89
1 28
0 75
0 83
0 28
0 34
1 77
1 34
0 77
1 4
1 82
0 25
1 5
0 91
1 35
1 21
0 44
1 61
1 22
1 58
1 40
1 23
1 83
0 4
1 33
0 23
1 1
0 58
0 39
1 27
1 76
1 32
1 2
1 3
0 2
1 84
0 61
1 87
1 23
1 56
0 23
0 62
1 88
0 100
0 57
0 84
1 95
0 35
0 88
1 43
1 86
1 64
1 19
0 76
0 5
