1000
1 9
0 9
1 2
0 2
1 56
0 56
1 38
0 38
1 57
1 89
0 89
1 37
0 57
1 26
0 37
0 26
1 62
1 79
1 51
1 37
0 62
1 29
0 37
0 51
0 29
1 70
0 79
0 70
1 56
1 97
1 23
0 56
1 14
1 57
0 14
1 33
0 97
1 56
1 43
0 43
1 16
0 56
1 24
0 23
0 33
1 29
0 57
0 16
0 29
1 58
0 24
0 58
1 10
1 9
0 10
1 76
0 76
0 9
1 2
1 75
0 2
1 61
0 61
0 75
1 99
1 70
0 70
1 18
0 18
1 24
1 26
0 24
1 3
1 89
0 26
1 50
1 84
0 3
0 84
0 99
0 50
0 89
1 66
0 66
1 20
0 20
1 24
0 24
1 74
1 85
0 85
1 75
0 74
0 75
1 79
0 79
1 46
0 46
1 56
0 56
1 96
0 96
1 53
1 19
1 94
1 79
1 88
0 53
0 88
1 25
1 24
0 79
1 69
1 61
0 61
0 19
0 69
1 36
1 46
1 63
0 46
0 24
0 36
0 94
1 33
0 25
0 63
1 26
1 39
0 26
0 39
0 33
1 83
0 83
1 14
0 14
1 33
0 33
1 43
1 95
1 13
0 95
0 13
1 21
1 72
0 43
1 64
0 21
0 72
1 27
1 94
1 99
0 94
1 28
1 26
0 64
0 28
0 26
0 99
1 35
0 27
0 35
1 40
0 40
1 61
1 44
1 58
1 77
1 46
1 26
1 43
0 77
1 99
1 77
0 99
0 44
1 44
0 61
1 16
0 44
0 77
0 43
1 93
1 98
0 26
1 17
1 23
0 17
1 51
0 98
1 7
1 39
1 97
1 15
0 46
1 38
0 39
0 7
0 58
0 23
0 15
1 62
0 93
0 97
1 35
0 51
0 16
1 50
0 35
1 46
0 46
0 38
1 10
0 10
1 27
1 98
0 27
1 96
0 98
1 47
1 46
0 62
1 52
0 46
0 96
0 50
1 99
0 47
0 99
1 40
1 50
0 50
1 59
0 59
0 40
0 52
1 32
1 18
1 38
1 30
1 29
0 38
1 3
0 18
0 29
0 30
0 32
1 10
0 10
1 88
1 42
0 3
0 42
1 20
1 53
0 20
1 15
0 53
1 52
1 84
0 15
0 88
1 34
0 34
0 52
0 84
1 29
0 29
1 52
1 21
1 16
0 21
1 79
0 79
0 16
0 52
1 19
0 19
1 23
1 80
1 16
1 100
1 47
1 4
0 47
1 73
1 54
1 75
1 25
0 100
0 73
1 24
0 24
1 17
0 16
0 4
1 5
0 80
1 55
1 60
1 24
0 75
0 60
0 24
0 17
0 25
0 23
1 64
1 10
0 54
1 56
1 81
0 64
0 81
1 71
1 92
0 92
1 32
1 83
1 22
0 10
0 56
1 67
0 5
1 56
0 56
1 63
0 32
1 79
1 34
1 16
0 16
0 22
1 84
1 65
0 55
1 96
0 65
0 84
1 33
1 22
0 83
1 16
0 33
1 72
0 34
0 71
1 82
0 63
1 80
0 80
1 42
0 67
0 22
1 95
0 82
1 53
1 90
1 4
1 97
1 41
0 53
0 96
0 79
0 97
1 49
1 27
1 18
1 85
1 76
1 38
1 40
0 41
0 49
0 4
1 19
1 1
1 43
1 39
1 89
1 73
0 43
1 11
1 12
1 52
0 95
0 38
1 31
1 82
0 16
0 31
0 12
1 43
0 18
1 79
1 23
0 42
1 65
0 11
1 70
1 71
0 27
0 89
1 24
1 55
0 65
0 79
0 52
0 72
1 60
0 23
1 100
0 70
1 2
1 12
1 62
0 73
0 40
0 43
1 51
0 19
0 55
1 58
1 15
1 79
1 87
1 23
1 42
0 23
0 90
0 15
1 32
0 87
0 60
1 29
0 76
0 79
0 71
1 66
1 53
1 69
1 93
1 34
1 3
1 87
0 69
1 68
1 25
1 54
1 59
1 11
1 60
0 29
1 91
0 58
0 34
1 9
1 38
1 94
0 60
0 25
1 19
0 11
1 78
0 42
1 69
0 19
1 70
0 24
1 57
0 94
1 73
1 92
1 79
0 9
0 51
0 70
0 59
0 68
1 58
1 5
0 54
1 4
1 68
1 6
0 62
1 90
1 74
0 73
1 61
0 53
0 92
1 40
1 59
1 71
1 95
1 51
1 7
1 88
1 44
1 17
0 61
1 24
0 90
1 8
0 87
0 39
1 33
0 8
0 51
0 85
1 30
1 83
1 10
0 93
0 57
1 45
0 59
0 17
0 66
0 95
1 70
1 51
1 34
0 3
0 45
1 35
0 2
1 86
0 58
1 92
0 24
1 8
0 12
1 64
1 80
1 63
0 8
0 34
1 53
1 93
1 95
0 69
0 40
1 77
1 85
0 86
0 91
0 10
1 27
0 33
0 85
0 80
1 96
0 82
0 64
1 69
0 100
1 2
1 8
1 84
1 3
1 36
0 68
0 93
1 64
0 5
1 59
0 6
0 3
0 32
0 51
0 96
1 6
1 86
0 53
1 75
1 52
1 37
1 24
0 83
0 88
1 54
1 5
0 52
0 24
1 45
1 87
0 77
1 88
1 76
0 8
0 2
0 7
0 95
0 86
0 87
0 69
1 65
0 70
0 27
0 44
0 36
1 14
1 99
0 35
1 89
0 30
1 20
0 37
0 74
0 92
1 67
1 77
1 60
1 27
1 72
0 54
0 76
1 3
0 63
0 75
1 80
1 13
0 4
1 2
1 96
1 73
0 73
1 62
1 7
0 60
0 88
1 22
1 23
0 2
0 62
0 3
1 46
0 13
0 22
1 68
0 27
0 5
1 26
1 10
0 6
1 73
1 97
1 47
0 26
1 82
1 60
1 18
1 29
0 71
0 23
1 94
0 10
0 29
0 47
0 68
0 78
0 18
1 8
1 21
0 8
0 14
1 6
1 53
1 40
1 90
0 59
0 77
1 63
0 80
1 100
0 79
0 67
1 67
0 99
0 7
0 97
1 56
0 67
0 94
0 63
1 49
0 64
0 45
0 73
1 7
1 91
1 2
0 46
0 2
0 7
1 23
1 67
0 82
0 21
0 60
0 56
1 14
0 38
0 67
0 89
1 33
0 14
1 63
0 96
1 68
0 84
1 15
0 15
0 40
0 49
0 20
1 73
1 18
1 31
0 91
1 84
1 59
1 46
0 63
0 46
1 88
0 33
0 72
1 33
1 69
1 58
1 91
0 23
1 30
1 32
0 100
0 53
0 65
0 33
1 53
0 68
1 28
1 21
0 73
1 23
0 30
0 91
1 83
0 58
0 32
1 62
0 62
1 2
1 37
0 84
0 2
0 21
0 83
1 80
1 54
0 88
0 80
1 44
1 3
1 29
0 29
1 95
0 23
1 77
0 44
1 35
1 71
1 15
1 68
0 15
0 28
1 32
0 59
1 66
1 80
0 80
0 31
0 6
0 90
0 68
1 76
1 78
1 11
0 35
0 3
0 69
1 52
1 65
0 71
1 49
1 97
1 35
0 1
0 77
1 80
0 65
0 78
1 38
1 63
1 20
0 97
0 80
0 76
0 49
0 66
1 66
0 63
1 91
0 54
0 32
0 52
0 53
0 38
0 95
0 35
1 98
0 98
1 19
0 19
1 45
0 45
0 91
1 68
0 37
1 88
1 94
0 20
0 18
0 94
1 98
1 42
0 42
1 91
1 49
1 89
1 50
1 23
1 64
0 64
0 50
0 11
1 48
1 83
1 100
0 91
0 88
0 48
0 83
0 23
1 44
1 59
1 45
1 78
0 100
0 45
0 66
1 62
0 59
1 90
0 98
1 32
0 68
0 62
1 80
1 19
0 89
0 19
1 82
1 75
1 7
1 97
1 48
0 7
1 57
0 90
0 75
1 43
0 48
0 49
1 69
0 32
0 69
0 44
0 43
0 97
1 62
1 63
0 62
0 82
0 63
0 57
0 80
1 71
1 32
0 71
1 35
0 32
0 35
1 60
0 78
1 38
0 60
0 38
1 15
1 37
1 76
0 15
0 37
1 61
0 76
1 2
0 2
1 28
1 2
1 77
0 61
1 73
1 18
1 17
1 74
1 13
1 97
0 77
1 35
0 18
0 73
0 35
0 13
0 2
0 74
0 28
0 97
0 17
1 16
1 30
1 55
1 17
0 30
0 55
1 84
1 35
1 46
1 36
1 50
0 36
1 91
0 35
0 84
0 16
0 17
0 91
1 78
1 49
1 88
1 81
0 88
0 78
0 50
1 33
0 46
1 16
1 69
0 33
0 69
1 35
0 49
1 22
0 81
1 89
0 89
0 35
0 22
0 16
1 83
0 83
1 28
1 64
1 12
0 28
1 42
1 84
1 96
0 12
0 42
1 56
1 86
1 62
1 61
0 96
1 57
1 18
0 18
0 62
