1000
1 9
1 95
1 39
0 39
0 9
0 95
1 18
1 51
0 51
0 18
1 91
1 20
0 91
0 20
1 8
1 92
1 9
0 92
0 9
0 8
1 16
0 16
1 16
1 91
1 64
0 64
0 16
0 91
1 86
0 86
1 37
0 37
1 40
0 40
1 38
1 61
1 64
1 35
0 38
1 53
0 61
1 85
0 85
1 75
1 37
1 40
0 64
1 83
1 4
0 53
0 4
1 60
1 88
1 91
1 77
1 3
0 75
0 35
0 37
0 91
0 40
1 96
0 83
0 96
0 3
0 88
1 32
0 32
1 71
1 73
0 77
0 71
1 33
0 60
1 6
1 87
0 6
0 87
0 73
0 33
1 33
0 33
1 26
0 26
1 12
0 12
1 66
0 66
1 42
0 42
1 79
0 79
1 34
0 34
1 17
1 46
1 76
0 46
0 17
1 86
1 32
1 99
0 32
0 86
0 76
1 5
1 18
1 9
0 5
1 48
1 17
0 18
0 48
0 9
0 17
1 82
0 82
1 66
1 29
1 89
0 66
1 30
1 81
0 29
1 87
1 88
0 99
0 89
0 30
1 91
0 81
0 87
1 9
1 92
1 3
0 88
1 26
0 9
1 10
0 10
1 36
0 36
1 77
1 56
0 56
0 26
1 84
1 37
1 70
1 79
0 37
0 84
0 92
1 92
1 23
0 79
0 91
0 77
0 3
0 70
1 85
0 92
0 23
1 4
0 85
1 74
1 71
0 4
1 64
1 81
0 64
1 70
1 66
1 54
0 81
1 41
0 66
1 72
1 24
0 72
1 66
0 66
0 74
1 92
1 72
0 41
1 14
0 92
0 24
1 61
0 72
0 70
1 52
1 94
1 18
0 18
1 53
0 94
1 26
0 53
1 11
1 73
0 52
0 11
0 26
1 90
1 37
1 30
0 61
1 68
1 23
0 23
0 37
0 73
0 54
1 82
0 30
1 69
1 41
1 47
1 60
0 71
1 12
1 55
1 54
1 73
0 14
1 44
1 57
0 68
1 36
1 28
0 54
1 87
1 98
0 82
0 12
0 60
1 15
1 27
0 44
0 69
0 55
1 97
1 44
1 23
0 15
0 73
0 98
0 47
0 44
1 91
1 12
1 61
0 36
0 87
1 30
1 99
0 27
0 90
1 63
1 27
0 23
1 49
0 99
1 17
1 21
0 17
0 30
1 66
1 52
0 28
1 75
1 78
0 78
1 17
1 95
0 91
1 39
1 29
1 33
1 96
1 100
1 67
0 66
1 14
1 40
0 100
0 49
0 61
0 39
0 97
1 65
1 80
0 75
0 57
0 12
1 83
1 22
1 82
0 40
1 37
1 34
0 37
1 7
0 52
1 13
0 83
1 18
0 67
1 61
0 13
0 96
1 37
1 59
0 14
0 17
1 96
0 7
0 95
1 97
1 76
0 18
0 33
1 64
0 29
1 94
1 91
1 10
1 81
1 24
1 87
1 35
1 77
1 4
0 91
0 59
0 97
0 4
0 76
0 34
1 5
0 27
1 97
1 36
0 97
1 60
1 99
1 69
0 80
0 82
1 43
1 28
0 69
1 88
0 63
1 79
0 79
1 6
0 64
1 80
1 31
1 14
1 82
0 35
1 68
0 5
0 22
1 25
0 37
1 100
1 32
1 12
0 80
0 36
1 29
1 58
1 52
1 37
0 14
0 60
1 49
0 31
1 35
1 79
1 19
0 77
0 52
0 6
1 64
0 65
1 52
1 72
0 81
0 64
1 60
0 61
0 43
1 89
1 40
1 23
0 28
1 97
1 98
1 50
0 23
1 11
0 89
0 29
0 100
0 21
0 87
0 50
1 53
0 10
0 99
0 24
1 69
1 42
1 56
1 14
0 97
1 97
0 60
1 20
1 6
0 52
0 88
1 34
0 14
1 23
0 32
0 23
1 89
1 28
0 41
1 31
1 21
1 44
0 68
0 12
0 82
0 31
1 80
1 50
0 98
1 27
0 89
0 28
0 21
0 6
1 81
1 31
0 44
0 19
1 57
0 42
0 25
1 46
0 58
1 43
1 19
0 56
1 28
1 32
1 77
1 99
1 25
0 99
0 80
0 49
0 46
0 50
0 79
0 27
0 53
1 1
1 53
1 46
0 35
0 53
1 73
0 34
1 22
0 43
1 61
0 32
1 85
1 24
0 57
1 63
1 67
0 67
0 37
1 39
0 40
1 13
0 72
1 26
0 11
0 28
0 31
1 82
0 24
1 32
0 97
1 16
1 59
1 31
1 50
0 26
0 73
0 81
0 25
1 62
0 20
0 96
1 10
0 32
0 13
1 40
0 94
0 46
0 85
1 64
1 15
0 50
1 73
1 50
1 99
0 10
0 82
0 1
0 59
1 72
1 97
0 99
1 41
0 40
1 42
0 50
0 42
0 16
1 47
0 19
0 64
0 15
1 32
1 78
1 3
0 77
1 37
0 69
1 42
1 69
1 38
0 22
1 5
0 32
0 61
0 37
1 55
0 31
1 67
0 5
1 82
0 39
0 69
1 64
1 81
1 68
1 60
0 63
0 97
0 3
0 78
0 47
1 46
1 91
1 7
0 82
1 86
1 95
1 20
1 98
1 80
1 63
1 45
1 84
0 98
1 93
0 95
0 55
1 12
1 76
0 86
1 87
1 39
0 12
0 91
0 63
1 82
1 43
0 93
0 62
1 61
1 69
1 77
0 45
0 61
1 19
0 77
1 34
0 7
1 28
0 39
1 88
1 62
1 27
0 60
0 27
0 38
0 88
1 18
0 64
1 11
1 74
1 15
1 23
1 65
1 29
0 87
0 41
1 16
1 96
0 46
1 36
1 60
1 30
0 19
1 6
1 21
0 11
1 26
1 70
1 66
0 70
1 8
1 88
0 34
0 80
1 38
0 74
1 50
0 43
0 62
0 81
1 98
0 88
0 96
1 70
0 30
1 30
1 100
0 100
1 43
0 16
0 18
0 73
0 29
1 31
1 99
1 14
1 22
0 8
0 36
1 12
1 2
1 46
1 45
1 73
1 16
1 24
0 68
0 2
1 88
1 11
0 84
1 29
1 44
0 46
0 45
0 70
0 69
0 43
0 42
0 16
0 88
0 20
1 81
1 91
1 96
0 96
0 22
1 32
0 98
1 2
1 68
1 33
0 99
1 27
0 24
1 45
0 66
1 79
1 34
0 82
1 94
0 32
0 73
1 95
1 32
0 72
0 67
1 75
0 91
0 29
0 33
1 62
0 26
1 3
1 33
0 32
0 30
1 46
1 56
1 16
1 22
1 1
1 37
0 21
0 28
0 65
0 37
0 14
0 56
0 12
0 1
1 61
0 2
1 63
0 45
1 8
0 76
1 64
0 64
1 9
1 76
1 18
0 44
0 16
0 8
0 15
1 7
1 96
0 18
0 61
0 9
0 50
1 78
0 79
0 6
1 84
1 14
0 27
0 62
1 30
1 24
1 42
1 27
1 47
1 62
1 32
0 47
1 54
0 63
0 34
1 61
0 68
0 54
1 63
1 98
0 27
1 74
0 7
0 3
0 76
1 70
0 38
0 96
0 60
0 61
1 18
0 14
0 32
0 33
1 12
1 32
1 28
1 25
1 13
0 98
0 62
0 95
0 31
1 26
0 63
0 46
0 18
0 81
0 75
0 12
1 52
0 70
1 47
0 42
1 48
1 72
0 74
1 31
0 78
0 72
1 73
0 25
1 92
0 23
1 74
1 40
0 73
1 41
0 24
1 33
1 76
1 23
0 74
0 30
0 23
0 40
0 11
0 47
0 32
0 52
0 94
1 46
1 85
1 34
0 34
0 28
0 48
0 33
0 76
1 80
0 41
1 9
1 45
1 34
0 13
1 10
1 29
1 25
1 40
1 37
1 93
1 11
1 69
0 22
1 38
0 40
0 84
0 29
1 88
0 88
1 30
1 88
0 88
0 26
0 92
1 48
1 76
1 44
0 76
1 32
0 44
1 12
1 3
0 93
1 33
0 12
1 88
1 70
1 5
1 76
0 9
0 32
0 45
1 32
0 80
1 87
1 77
0 31
1 66
1 21
1 12
0 30
1 43
0 70
0 21
0 25
1 90
1 25
0 43
1 35
1 39
1 99
0 76
1 13
1 91
0 25
1 67
1 29
0 38
0 69
0 12
1 75
1 30
0 29
0 11
1 62
0 5
0 13
1 65
0 3
1 40
1 72
0 39
1 1
0 77
1 7
0 34
1 63
0 10
1 94
1 89
0 89
1 89
0 46
0 1
1 84
1 95
0 32
0 35
0 91
1 32
1 34
1 96
1 100
0 33
1 91
1 44
0 65
1 86
1 68
1 78
1 10
1 64
1 76
1 9
1 8
1 69
1 36
1 59
0 94
0 37
1 60
1 45
0 9
0 45
0 62
0 67
1 61
0 76
1 82
1 23
0 32
1 5
1 31
0 75
0 59
0 69
0 99
