1000
1 99
1 22
0 99
0 22
1 35
0 35
1 13
0 13
1 72
1 91
0 72
1 69
0 69
0 91
1 43
1 28
1 25
0 28
0 43
0 25
1 63
1 34
1 64
0 63
1 85
1 7
1 26
0 7
0 85
1 2
0 26
1 85
0 85
0 34
1 3
0 3
0 64
1 10
0 10
1 24
1 59
1 19
0 19
1 23
1 95
0 2
0 59
1 13
0 13
0 24
1 8
0 95
0 23
0 8
1 21
0 21
1 27
1 99
0 99
1 26
0 26
0 27
1 41
0 41
1 89
0 89
1 35
1 82
0 82
1 47
1 11
0 47
1 84
0 35
1 24
0 84
1 6
1 79
0 11
1 78
0 6
0 24
0 78
1 15
1 90
0 90
1 81
1 38
1 30
1 54
1 95
1 57
0 95
1 13
1 51
1 55
0 13
1 63
1 99
1 39
1 62
1 83
1 78
0 57
0 51
1 80
1 3
1 22
0 55
1 96
0 99
0 80
0 96
1 43
1 31
0 62
0 63
1 95
1 1
0 1
0 95
0 30
1 32
1 26
1 40
1 49
1 74
0 81
1 55
0 32
0 49
0 79
1 89
0 3
1 1
1 63
0 39
1 64
1 62
1 23
0 1
1 77
1 9
1 32
0 64
1 68
0 77
0 62
0 78
0 54
0 55
0 15
1 27
1 53
1 44
1 82
0 89
0 26
0 22
1 64
1 5
0 64
1 84
0 5
1 55
1 61
0 53
1 50
1 80
1 24
0 23
1 89
0 44
1 88
0 68
0 61
1 60
1 97
0 31
1 64
1 65
0 80
1 45
1 54
1 7
0 63
1 56
0 7
1 98
0 24
0 27
0 50
0 38
1 41
0 88
0 65
0 32
0 54
1 99
0 55
0 83
0 82
1 65
1 17
0 43
0 84
0 17
0 45
0 99
0 89
1 8
1 17
0 56
0 64
1 99
0 99
0 98
0 74
1 80
1 11
0 11
0 9
1 37
0 40
1 71
0 97
0 65
0 71
0 17
1 61
0 80
1 29
0 60
1 25
1 14
1 28
0 37
0 61
0 25
0 41
0 29
0 8
0 14
1 1
1 35
0 28
0 35
0 1
1 51
1 59
0 51
1 31
0 59
0 31
1 25
0 25
1 14
1 57
1 48
0 48
1 37
1 31
0 57
1 32
0 37
0 14
0 31
0 32
1 57
0 57
1 44
1 27
0 27
1 10
0 44
0 10
1 42
1 65
0 42
0 65
1 4
1 97
1 11
1 48
1 24
1 7
0 4
1 57
1 51
0 57
1 52
0 51
0 24
0 97
0 7
0 52
1 17
0 17
0 48
0 11
1 87
0 87
1 87
1 95
1 88
1 90
0 90
0 87
0 95
0 88
1 91
0 91
1 34
1 84
0 84
0 34
1 67
1 33
1 44
0 33
1 99
1 9
0 44
0 67
0 9
1 4
0 4
1 59
1 12
1 48
1 16
1 46
1 55
0 46
1 31
1 84
0 12
1 43
0 59
0 31
0 84
1 42
0 48
1 68
1 37
1 1
1 34
0 42
0 99
0 34
1 8
1 56
0 1
1 58
0 37
1 49
1 73
1 17
1 30
0 55
1 87
1 23
1 19
1 11
0 16
1 54
0 17
0 30
1 88
0 88
0 87
1 50
0 11
0 23
0 73
0 68
0 50
1 91
0 54
0 8
1 68
1 85
0 58
1 12
1 76
1 11
1 14
1 30
0 85
0 56
0 11
1 60
1 4
1 82
0 14
1 7
0 82
1 20
0 4
0 91
1 48
1 81
0 43
1 72
1 41
0 81
0 7
0 19
0 48
1 54
0 41
1 75
0 68
0 54
1 24
0 20
0 72
1 39
1 28
1 17
1 91
0 39
0 17
0 12
0 91
1 64
0 64
0 49
1 15
0 75
1 65
1 42
1 31
1 22
0 65
1 70
1 32
1 79
1 27
0 70
0 15
1 69
0 69
1 41
1 71
1 25
0 60
1 33
1 70
0 27
1 67
1 35
1 55
1 68
0 67
1 38
0 22
0 24
1 58
1 63
0 41
1 64
0 28
0 32
1 92
0 63
0 42
1 7
1 32
0 7
0 64
1 14
0 68
0 25
0 55
1 41
0 71
1 93
1 4
1 28
0 70
0 41
1 60
1 36
1 10
0 30
0 38
0 31
1 53
1 37
1 54
0 35
1 94
1 62
1 40
1 5
0 79
1 17
1 79
1 85
0 92
1 92
1 46
1 91
1 34
0 5
1 95
1 99
1 86
0 92
1 2
1 81
0 91
0 93
1 70
0 81
1 89
0 17
0 14
1 71
1 56
0 36
0 99
1 72
1 9
0 85
1 47
1 35
1 97
0 53
1 11
0 71
1 55
1 15
0 10
1 30
0 15
1 90
1 36
0 72
1 96
0 56
1 98
1 72
1 61
1 65
0 95
1 48
0 40
1 56
0 2
1 12
1 38
1 91
0 55
0 38
0 89
0 65
0 37
0 33
1 92
1 93
1 88
0 91
1 95
0 36
1 63
1 23
1 73
0 62
1 82
0 86
1 43
1 91
0 88
1 52
1 24
0 32
0 61
1 44
0 72
0 52
0 35
0 76
0 97
1 51
1 19
0 82
0 98
0 30
0 9
0 24
1 97
1 75
1 41
1 61
1 45
0 93
0 90
1 24
1 98
1 69
0 12
0 97
1 93
0 91
1 33
0 34
0 92
0 79
1 50
1 34
0 44
0 51
1 97
1 90
0 97
0 4
0 56
0 34
0 47
1 72
1 78
0 78
0 11
1 85
1 22
1 91
0 43
0 19
0 60
1 71
1 92
1 40
1 51
1 47
1 31
1 99
1 59
1 2
0 22
0 75
1 78
0 93
1 57
1 64
0 23
0 47
0 71
1 81
0 81
1 52
0 54
1 11
1 35
0 11
0 41
0 94
0 28
0 92
0 58
1 25
1 66
1 9
1 65
1 26
1 12
0 99
1 67
1 44
1 68
1 53
1 49
0 12
0 24
1 32
0 96
0 63
0 35
1 24
0 70
1 54
1 58
0 78
0 73
0 49
1 55
1 4
1 47
0 33
0 57
0 4
1 17
0 45
1 92
0 58
0 91
0 51
1 80
1 12
0 95
1 70
0 24
0 65
1 8
0 52
1 56
0 25
0 12
1 82
1 71
0 66
0 44
1 6
1 73
0 90
0 46
1 52
1 75
0 72
1 78
1 87
0 59
0 98
0 17
0 71
0 70
1 57
1 1
0 32
1 88
0 47
1 96
1 79
1 10
0 48
1 97
1 41
1 83
0 55
1 3
0 53
1 42
0 96
1 4
1 27
0 26
1 95
0 8
0 31
0 68
1 62
0 56
0 57
0 97
1 22
0 62
0 82
1 84
0 92
1 25
0 27
0 10
0 3
1 89
1 57
1 39
0 95
1 86
0 84
1 63
0 40
1 76
1 3
0 87
0 88
0 42
1 30
0 25
1 49
1 11
0 30
0 1
0 52
1 40
1 56
1 10
1 42
0 75
1 72
0 67
1 98
0 72
0 6
1 5
0 56
1 68
1 43
0 73
0 10
1 27
0 22
1 81
1 94
1 38
1 12
0 3
0 49
1 46
0 54
0 78
1 26
1 65
1 31
0 79
0 2
1 3
1 66
0 69
0 65
0 57
1 73
0 61
0 81
1 44
1 99
1 70
1 1
1 62
1 65
1 45
1 6
1 77
1 47
1 28
0 5
0 43
0 26
1 29
0 80
1 35
0 47
0 66
0 68
0 94
1 19
1 78
0 6
0 1
0 4
1 53
1 66
1 32
1 47
1 16
0 78
1 78
0 28
0 89
0 66
1 15
0 62
0 63
1 62
1 43
1 48
1 49
0 47
1 51
1 47
0 62
0 48
0 44
0 38
0 98
1 54
1 26
1 14
0 77
0 3
1 21
1 28
1 18
0 15
1 68
0 83
0 28
0 31
0 11
1 7
0 54
0 68
1 11
0 27
0 49
0 50
0 64
1 10
0 73
0 10
0 70
0 14
1 62
0 53
0 78
1 71
0 86
0 32
1 88
0 18
0 45
1 93
0 29
1 44
0 42
1 36
1 3
0 36
1 29
0 11
1 69
1 31
0 85
1 85
0 9
1 6
0 62
0 65
1 86
0 39
1 37
0 26
1 23
0 41
0 21
0 46
1 13
0 6
1 81
0 16
0 13
0 81
1 42
1 89
1 65
1 75
0 71
1 30
1 25
1 94
1 4
0 76
1 38
0 99
1 17
0 30
0 29
0 44
0 42
0 47
1 95
1 16
0 23
1 98
0 98
1 73
1 14
0 31
1 18
1 70
1 98
0 7
1 74
0 89
0 35
0 17
1 76
1 55
1 34
0 95
1 77
1 91
0 98
0 55
1 29
1 6
1 66
0 74
1 49
1 21
1 5
1 89
0 4
0 77
1 28
1 63
0 66
0 21
1 15
1 7
