1000
1 38
0 38
1 59
1 51
0 59
0 51
1 16
1 29
1 48
1 12
1 28
0 16
1 87
0 12
1 17
0 17
0 29
0 48
1 82
1 71
1 75
1 37
1 76
1 100
1 9
0 100
1 80
1 79
0 75
1 66
0 80
0 66
1 97
0 82
0 79
0 37
1 99
0 76
1 68
1 67
0 97
1 79
1 84
0 79
1 48
1 32
1 81
1 25
1 17
1 93
0 84
1 83
0 81
0 71
0 9
1 72
1 19
1 98
0 68
0 32
0 93
0 67
1 3
1 34
1 15
0 19
1 57
0 25
1 49
0 57
1 19
0 28
0 17
1 13
0 3
1 93
0 93
0 34
0 15
0 99
1 35
0 48
1 36
1 12
0 36
0 87
1 52
1 3
0 35
0 3
0 12
0 72
0 13
0 98
0 52
0 83
0 49
0 19
1 56
1 20
1 10
0 10
0 20
1 3
1 37
1 66
0 66
0 56
0 3
0 37
1 43
1 73
1 60
1 64
1 81
0 81
1 7
0 7
1 96
1 77
1 16
0 60
0 16
0 77
1 50
0 96
0 43
0 73
0 50
0 64
1 61
1 45
1 93
0 93
0 45
1 44
1 27
0 27
0 44
1 72
0 72
0 61
1 77
0 77
1 90
0 90
1 15
0 15
1 33
0 33
1 95
1 93
1 24
1 67
1 64
0 93
0 67
1 91
1 80
1 3
1 21
0 95
1 33
0 3
0 80
1 37
0 24
1 22
0 91
1 13
1 31
1 23
0 64
1 83
1 45
0 21
0 13
0 37
0 31
1 40
1 70
0 45
1 48
0 23
0 33
1 38
0 40
0 48
0 22
1 35
1 69
0 70
1 25
1 58
0 25
0 69
1 11
1 17
1 22
0 35
1 23
1 74
1 27
1 96
1 61
0 74
1 35
0 22
0 83
1 50
0 50
1 10
1 88
1 28
1 66
1 5
0 35
0 5
0 66
1 48
0 38
0 48
0 10
0 23
0 61
1 57
0 28
0 11
1 75
0 96
0 58
0 17
1 7
1 46
0 75
0 7
0 46
1 81
1 34
0 34
1 82
1 87
1 93
1 94
1 90
0 93
0 27
1 14
0 90
1 60
1 84
0 57
0 94
1 77
1 32
0 14
1 76
0 77
0 60
0 82
1 16
0 16
0 88
1 8
1 89
0 8
1 94
1 54
0 54
1 21
0 84
0 32
1 64
1 93
0 94
0 81
1 56
1 94
1 53
0 21
0 94
0 53
1 20
0 87
0 89
1 3
0 20
1 29
0 64
0 93
1 38
1 77
0 38
0 77
1 6
0 6
1 33
0 29
0 3
1 98
1 96
1 73
0 73
1 75
1 51
0 33
0 51
1 38
1 12
1 87
0 96
0 56
0 76
0 98
0 38
1 100
1 81
1 62
1 84
0 62
0 84
1 92
0 87
1 11
1 63
0 75
1 19
1 15
1 71
0 19
0 11
0 15
0 100
0 92
1 37
0 37
1 29
0 29
1 87
0 71
0 12
1 93
0 81
0 93
1 1
1 25
1 95
1 18
1 36
0 18
0 95
0 87
1 67
0 36
0 1
1 44
1 17
1 36
1 26
0 36
0 26
0 44
1 32
1 66
0 25
0 67
0 32
0 17
0 66
1 54
0 63
1 29
0 54
0 29
1 59
0 59
1 39
0 39
1 16
1 87
1 17
1 28
1 78
1 8
1 46
1 74
1 96
0 28
0 74
0 46
1 93
1 100
0 16
1 80
1 81
0 100
1 29
1 90
0 80
1 62
1 14
1 88
0 8
1 5
0 78
1 31
1 68
0 68
0 88
1 6
0 87
1 30
0 62
1 83
1 80
1 4
1 56
0 4
0 96
0 56
0 81
1 60
1 42
0 60
1 87
0 29
1 2
0 6
0 17
0 2
0 93
0 83
1 19
0 87
0 80
0 14
0 19
0 42
0 5
0 30
1 39
1 76
1 66
0 66
1 6
1 92
0 31
0 92
0 6
0 39
1 82
0 76
1 59
0 82
1 11
1 27
1 6
1 94
0 6
1 42
0 59
1 47
0 42
0 47
1 12
1 42
0 42
0 11
0 27
0 94
1 39
0 39
0 12
1 62
0 62
0 90
1 97
1 30
0 97
0 30
1 2
1 91
1 44
0 44
0 91
1 24
1 78
1 89
1 94
1 71
1 30
1 95
1 40
0 78
1 100
1 27
0 30
0 71
0 100
1 93
0 94
1 25
0 89
0 24
0 2
1 74
1 92
0 95
1 75
0 93
1 81
1 19
1 62
0 40
1 30
1 23
0 19
0 27
0 23
0 30
0 74
1 66
1 87
1 8
1 1
0 81
1 57
0 57
1 52
1 49
0 8
1 11
1 73
1 46
1 57
1 19
0 62
0 46
0 19
0 49
0 57
1 37
1 12
1 2
0 75
1 64
1 56
1 77
1 36
0 52
0 87
1 6
1 74
0 66
1 52
0 11
0 64
1 44
1 19
0 77
0 73
1 20
1 8
0 20
1 40
1 80
1 64
0 36
1 7
1 13
1 14
1 58
1 59
1 82
1 73
1 3
0 64
1 60
0 40
1 77
0 92
0 56
1 23
0 25
1 27
1 61
0 2
1 36
1 54
1 48
1 17
0 54
0 8
1 81
1 28
1 15
0 7
1 34
0 60
0 48
1 76
1 48
1 5
0 12
0 36
1 99
1 7
0 77
0 3
0 81
1 16
0 17
1 46
1 45
1 98
1 32
1 63
1 75
0 15
1 97
0 63
0 19
0 74
0 61
1 49
0 27
1 100
0 6
0 97
0 44
1 10
0 99
0 1
1 81
1 95
0 14
0 10
0 100
0 82
0 37
0 13
1 55
0 48
1 50
0 73
1 64
1 60
1 73
1 70
1 61
1 62
1 3
1 25
1 33
1 94
1 6
1 86
1 88
1 82
1 92
1 41
1 35
1 51
1 78
1 63
0 33
0 5
1 68
1 65
1 11
0 78
0 60
1 36
0 55
1 26
0 88
1 31
0 82
0 51
1 12
0 75
1 42
0 6
1 72
1 66
0 59
0 12
0 72
0 49
0 36
1 10
1 49
0 73
0 76
1 37
1 1
0 66
0 3
1 20
0 58
0 68
1 48
0 25
1 13
0 1
1 60
0 13
1 51
1 25
0 20
0 92
0 25
0 7
1 17
1 18
0 18
1 96
0 52
0 23
0 32
1 57
0 98
0 62
0 94
0 51
1 59
1 43
0 41
1 87
1 83
1 54
1 94
0 96
0 54
1 23
0 48
0 16
0 87
0 26
0 70
0 45
0 49
1 6
1 3
1 4
1 47
1 44
1 99
0 83
0 11
1 29
0 6
1 72
1 24
0 50
0 34
0 86
0 60
1 20
0 57
0 72
1 21
0 21
1 15
0 28
0 29
1 45
1 50
0 43
1 26
0 94
0 46
1 79
0 17
0 23
1 74
0 61
1 5
1 29
1 58
1 21
1 12
1 55
1 94
0 29
0 81
1 69
1 32
0 10
1 51
0 69
0 31
0 99
1 46
1 91
0 45
0 59
1 66
1 81
1 61
0 63
1 23
0 80
1 96
0 51
0 65
1 39
0 64
1 57
1 77
0 50
1 70
1 51
0 81
0 39
1 73
0 66
1 81
0 42
1 92
0 96
0 92
1 16
0 5
0 47
1 25
0 3
0 55
0 21
1 21
0 61
0 70
0 23
1 75
0 37
1 99
1 59
0 24
1 92
0 15
0 46
0 26
1 100
0 4
0 20
1 15
1 29
1 34
1 96
0 57
1 88
0 94
0 74
1 55
1 7
1 89
1 97
0 88
1 98
0 91
0 100
1 39
1 20
0 97
1 40
0 25
0 58
1 57
0 99
0 96
0 12
0 40
1 27
1 11
1 82
0 44
0 98
1 52
0 7
1 41
0 75
0 82
1 28
0 27
1 84
0 28
1 36
0 35
1 49
1 17
1 96
1 22
1 93
0 77
0 73
0 84
1 37
0 92
1 82
1 33
1 38
1 40
0 59
1 75
0 41
0 75
0 51
0 11
1 28
1 63
0 17
0 37
0 82
1 2
0 16
0 21
1 5
0 93
1 88
1 51
1 90
0 55
1 30
1 100
1 37
0 2
1 97
0 88
1 7
1 80
1 3
0 95
0 80
1 18
0 28
0 22
0 40
0 3
0 18
1 83
0 29
0 52
0 100
0 38
1 11
0 11
1 80
0 80
0 15
1 58
0 30
0 37
0 90
1 74
0 97
1 99
1 52
1 82
0 74
1 29
0 49
0 36
0 58
0 63
1 30
1 53
1 40
1 17
1 12
0 39
0 17
0 29
0 32
0 79
0 30
1 22
1 77
1 58
1 13
0 58
0 77
1 64
1 90
0 52
1 62
1 30
1 93
1 41
0 81
1 61
0 64
0 90
1 35
1 45
1 97
0 99
0 61
0 96
1 48
1 19
