1000
1 25
1 56
1 83
0 25
1 66
0 56
1 43
1 21
1 60
0 83
1 85
1 33
0 21
1 44
0 44
1 74
1 71
1 86
0 33
1 44
1 64
1 37
1 89
1 42
0 66
0 74
0 85
0 43
1 2
0 60
1 52
0 71
1 22
0 64
1 80
0 2
0 42
0 86
0 44
0 80
0 22
1 21
0 89
0 52
0 21
0 37
1 31
1 66
1 62
0 62
1 55
0 31
0 66
1 42
1 28
1 38
0 42
1 36
1 61
0 38
0 28
1 76
0 36
0 61
0 76
0 55
1 80
1 90
1 97
1 19
1 55
1 46
1 14
1 31
0 31
1 84
0 90
0 14
1 52
1 83
1 78
0 97
1 75
0 80
0 75
1 1
0 84
0 83
1 70
1 37
0 55
0 19
1 8
1 7
1 69
1 100
1 29
0 52
1 9
0 9
0 29
0 7
0 69
0 70
1 64
0 64
0 46
0 100
1 88
0 8
1 33
0 88
1 52
0 78
0 1
0 52
0 37
1 1
0 33
0 1
1 89
0 89
1 41
1 30
0 30
1 94
0 94
1 42
0 41
0 42
1 27
1 60
1 17
0 27
1 46
0 17
1 5
0 60
0 5
1 43
0 43
0 46
1 21
0 21
1 55
0 55
1 95
0 95
1 47
0 47
1 29
1 83
0 83
1 80
1 16
0 16
1 30
1 60
0 80
0 30
1 91
1 31
1 75
1 11
1 61
1 9
0 91
1 66
1 10
1 69
0 69
1 22
1 21
0 61
0 22
0 10
0 60
1 54
0 54
1 92
1 10
0 21
1 65
0 9
0 92
1 88
0 65
1 8
1 30
1 33
0 29
0 10
0 8
1 93
0 93
0 30
0 88
0 33
0 31
0 75
1 61
0 11
0 61
1 38
1 50
0 38
1 25
0 25
0 50
1 39
1 27
1 49
0 27
1 72
0 72
0 66
0 39
0 49
1 44
0 44
1 91
1 11
0 11
0 91
1 19
0 19
1 35
0 35
1 88
0 88
1 45
0 45
1 95
0 95
1 95
1 57
1 81
1 26
1 96
1 50
0 96
1 29
1 67
1 70
0 50
0 70
0 26
0 81
0 57
1 89
1 13
0 89
0 29
1 64
1 54
1 55
1 53
0 95
0 54
0 64
1 37
1 5
1 77
1 75
1 86
0 37
1 93
0 55
1 48
1 76
1 78
1 92
1 32
1 14
1 54
1 62
1 6
0 76
0 32
0 92
0 86
1 40
0 6
0 67
0 5
0 40
1 47
1 50
1 30
1 3
0 54
0 62
1 8
0 48
0 30
0 3
1 86
0 8
0 75
0 78
0 93
1 76
1 2
1 37
0 14
0 2
1 94
0 37
1 65
0 65
1 32
0 50
1 93
1 98
1 27
0 94
0 98
1 90
1 43
0 27
1 50
1 58
0 77
1 18
1 48
0 18
0 58
1 100
1 98
1 52
1 45
0 50
1 56
1 99
0 90
0 52
1 55
0 99
1 49
1 29
1 66
0 49
1 74
0 45
1 49
0 48
0 55
1 9
1 6
1 78
1 94
1 72
1 75
0 86
1 80
0 9
0 93
0 76
1 76
0 75
0 94
1 60
1 11
0 32
0 53
1 92
1 50
0 100
1 35
1 51
0 98
0 35
1 7
1 97
0 78
0 50
0 60
1 52
1 15
1 67
0 80
0 11
0 76
0 92
1 45
0 47
1 30
0 29
1 10
1 89
1 84
0 6
1 39
1 54
0 66
1 25
0 45
0 67
0 39
0 74
1 62
0 89
0 62
0 25
0 10
0 51
0 97
1 80
1 39
0 13
0 30
0 43
0 80
0 84
0 56
1 97
0 72
1 56
1 65
1 55
0 97
1 26
1 64
0 55
0 26
0 65
0 52
0 49
1 18
1 19
0 18
0 56
1 84
0 19
1 5
1 71
0 5
0 15
0 39
0 71
1 48
0 84
1 77
0 7
1 38
0 48
1 53
0 54
1 13
0 53
0 77
1 58
1 34
1 39
0 38
1 67
0 67
0 58
0 39
1 65
0 34
1 82
1 23
0 82
0 13
1 38
0 64
1 28
1 14
0 14
1 44
0 38
0 23
1 20
1 23
0 20
1 18
1 11
1 77
1 61
0 28
1 12
1 97
0 18
1 43
0 65
1 32
1 62
1 84
1 4
0 11
0 77
1 33
1 91
1 13
0 12
1 27
1 96
0 97
1 78
0 84
1 35
1 17
0 23
0 17
1 95
0 43
0 32
0 78
1 97
1 53
1 87
0 96
1 82
1 63
1 40
0 62
1 55
1 99
1 83
1 48
1 47
0 44
0 99
0 82
0 35
1 41
1 60
1 59
0 60
1 9
0 4
0 9
0 53
0 40
1 99
1 28
1 94
0 33
0 97
1 49
0 94
0 95
0 63
0 83
0 61
0 13
0 27
1 60
0 48
1 78
0 60
0 78
1 92
1 50
1 93
0 91
1 46
1 53
0 53
0 55
0 46
1 13
1 21
0 92
1 33
1 89
0 89
1 73
1 51
1 6
1 35
0 6
1 23
0 47
1 65
1 60
1 31
0 13
0 73
1 52
0 50
0 59
1 50
0 60
1 100
0 31
1 71
1 48
1 81
1 80
0 51
1 34
0 80
0 48
0 87
1 90
0 90
0 50
0 65
0 49
1 13
0 28
0 33
0 34
0 23
1 72
1 56
1 36
0 81
0 41
1 19
0 35
0 36
1 12
1 23
1 87
1 98
0 21
1 46
1 8
1 22
0 52
0 22
0 12
0 87
1 20
0 93
0 99
1 16
0 20
0 72
0 100
1 25
0 8
1 81
1 33
0 81
0 19
1 70
1 8
1 72
1 14
1 88
0 33
1 18
1 53
1 4
0 53
0 70
1 20
1 19
0 13
0 98
0 23
1 69
0 20
0 19
1 65
1 61
1 62
1 5
1 1
1 36
0 16
1 12
1 13
1 9
0 69
1 33
0 18
1 49
0 13
1 57
0 5
0 36
1 78
1 63
1 64
0 4
1 69
1 89
0 62
0 56
1 66
0 46
1 51
1 22
0 69
0 65
1 93
0 14
1 20
0 25
0 78
0 49
0 57
0 63
0 33
0 9
1 73
1 45
1 7
1 92
0 72
0 71
1 67
0 51
0 66
1 62
0 93
1 94
0 12
1 28
0 45
0 1
1 16
0 7
0 28
0 67
0 88
1 77
0 61
1 99
1 26
0 62
1 6
1 33
0 92
0 22
0 20
1 67
1 21
0 26
1 17
0 64
0 67
1 95
0 21
1 56
0 89
0 17
0 33
0 6
0 73
0 8
1 55
1 75
0 94
0 56
0 55
0 99
1 99
1 73
0 95
1 40
0 16
1 51
1 34
1 63
0 99
1 18
1 26
0 51
0 26
1 26
1 64
0 64
1 27
1 10
0 34
0 77
0 18
1 16
0 26
1 1
0 73
1 64
1 47
1 87
1 99
1 93
1 43
0 47
0 87
0 16
0 40
0 43
1 46
1 34
1 22
0 99
1 20
1 98
0 93
1 65
0 22
0 75
0 46
1 29
1 12
1 78
0 64
1 79
1 15
1 99
0 10
1 94
0 20
1 66
1 48
0 15
1 82
0 99
1 39
0 27
0 48
1 44
0 66
1 8
1 35
0 98
1 61
1 75
0 8
0 94
0 79
0 29
0 44
1 54
1 27
1 92
0 39
1 19
1 5
0 54
0 82
0 27
1 53
0 61
1 55
1 84
1 64
1 79
1 22
0 92
0 34
1 37
1 36
1 43
1 50
1 39
1 72
1 56
1 2
0 12
1 94
0 55
0 5
0 63
0 64
1 30
1 82
0 53
0 39
1 18
1 38
0 36
1 100
0 100
1 73
1 26
0 79
0 75
1 99
0 1
0 50
1 27
0 38
1 74
1 45
1 93
0 30
1 75
0 19
1 25
0 84
1 11
1 3
0 73
0 2
0 43
0 11
0 56
0 27
1 88
0 25
1 66
0 3
0 99
0 18
1 1
0 88
1 88
0 82
0 72
1 56
0 22
1 57
1 2
0 78
0 1
0 56
1 89
0 26
1 81
0 88
1 48
1 42
0 35
1 95
1 67
1 14
1 55
0 89
0 48
0 14
0 2
0 57
1 34
0 74
1 35
0 95
1 13
0 35
0 55
1 10
0 42
1 72
0 13
0 45
0 66
1 73
1 82
1 78
0 10
1 55
1 74
0 81
0 72
0 34
1 79
1 49
0 55
0 93
1 5
0 5
1 84
1 66
1 76
0 84
1 85
0 65
0 67
1 21
1 70
1 22
0 75
1 13
1 67
1 17
0 73
0 66
1 3
1 11
1 97
1 96
1 35
0 3
0 78
1 78
0 67
0 21
0 70
1 7
1 83
0 96
0 74
0 17
1 90
1 86
1 95
0 86
1 12
0 49
0 95
1 16
0 85
1 24
1 64
