1000
1 22
0 22
1 72
1 18
1 34
1 9
0 34
0 18
0 72
1 42
0 9
0 42
1 99
0 99
1 52
1 49
0 52
0 49
1 19
0 19
1 61
1 100
0 61
0 100
1 7
1 99
1 61
1 56
0 61
0 56
0 99
1 67
1 65
0 7
0 67
1 48
1 22
1 23
0 65
0 48
1 40
1 59
1 12
1 71
1 4
0 12
1 93
1 14
1 41
1 64
1 99
1 84
1 32
0 84
1 96
0 71
1 35
0 14
0 96
1 74
0 23
0 40
1 9
1 60
0 64
0 59
0 4
0 35
0 99
1 45
1 14
0 93
0 32
0 22
1 89
0 41
0 89
1 39
1 56
0 14
1 41
0 56
0 60
0 39
1 34
1 80
0 74
0 34
0 45
0 80
0 41
1 32
1 49
1 39
0 39
1 78
1 97
1 54
1 77
0 9
0 54
0 32
1 15
0 49
0 77
0 15
0 97
1 8
0 78
1 67
0 67
0 8
1 12
1 83
0 83
1 56
0 56
1 37
1 66
0 66
0 12
0 37
1 95
1 97
1 18
0 97
0 95
1 83
1 91
0 91
1 15
1 21
0 21
1 43
0 43
1 40
1 45
0 18
0 40
0 83
0 15
1 93
0 93
0 45
1 27
1 48
1 13
0 27
1 66
0 13
1 65
0 65
1 22
1 11
0 66
1 49
1 6
0 49
1 74
0 6
1 71
0 11
0 71
1 76
1 87
0 22
1 5
0 87
1 100
0 48
1 30
1 37
1 81
1 38
1 87
0 81
0 37
0 100
1 75
1 7
0 7
0 87
1 47
1 45
0 76
1 48
1 1
0 30
0 5
0 48
0 75
1 67
1 5
0 47
1 31
0 74
0 67
0 38
0 5
1 62
1 78
1 90
1 84
0 62
0 31
1 95
0 45
0 1
0 90
0 95
1 42
1 82
0 82
1 62
0 42
1 30
0 78
1 28
0 62
1 21
1 93
0 93
0 21
1 69
0 84
1 8
0 8
0 30
1 96
0 69
0 28
1 68
1 70
0 70
0 68
0 96
1 98
0 98
1 82
0 82
1 12
0 12
1 64
1 98
0 64
0 98
1 52
0 52
1 25
0 25
1 3
1 80
1 15
1 79
1 77
0 3
0 15
0 79
1 47
0 77
0 47
0 80
1 54
1 27
0 27
1 74
0 74
1 22
0 22
0 54
1 93
1 26
0 26
1 43
1 70
1 65
0 65
0 93
1 78
0 43
0 70
1 99
0 78
0 99
1 24
0 24
1 41
0 41
1 36
0 36
1 4
0 4
1 52
1 54
1 20
0 52
0 54
1 4
1 65
1 56
0 4
0 56
1 81
0 20
0 65
1 82
1 44
1 83
0 81
0 83
1 26
1 43
1 59
1 65
0 82
0 65
0 43
0 59
1 12
0 44
0 12
0 26
1 73
0 73
1 86
0 86
1 4
0 4
1 70
0 70
1 17
0 17
1 84
0 84
1 72
0 72
1 87
1 55
1 25
0 25
1 94
0 94
0 87
0 55
1 50
1 77
1 57
1 79
1 99
0 57
1 1
1 96
1 9
1 64
1 26
1 28
1 65
1 19
1 21
1 41
1 53
0 99
0 1
1 75
0 96
1 5
1 61
0 53
1 6
0 77
1 66
1 84
1 63
1 100
0 5
1 36
1 25
1 55
1 97
0 19
1 27
0 84
1 3
0 28
0 55
1 81
1 8
0 3
0 26
0 25
0 63
1 67
1 87
0 100
0 9
1 19
1 93
0 41
0 61
1 32
1 25
0 25
1 68
1 38
1 13
1 7
0 13
1 69
1 60
0 38
1 80
0 36
1 9
0 79
1 46
1 85
0 93
0 9
0 8
0 46
1 55
0 64
1 23
1 40
0 81
1 53
0 80
1 90
1 57
0 97
0 40
0 60
0 7
0 53
0 57
0 19
0 75
1 75
0 50
1 31
1 42
0 6
0 31
0 67
0 85
0 75
1 60
0 21
0 55
1 24
1 62
1 17
0 17
0 90
0 65
0 23
0 60
1 53
1 18
1 21
1 72
0 42
1 15
0 18
0 69
0 87
0 66
1 28
1 49
0 72
0 62
0 53
0 27
1 55
1 82
1 4
1 88
1 48
0 21
1 36
1 86
0 82
0 4
1 75
1 34
1 53
0 88
1 29
0 53
1 50
0 86
1 14
0 68
1 95
1 73
1 26
0 26
1 20
1 92
0 29
0 20
1 16
0 50
0 24
0 55
0 15
0 48
1 5
0 95
0 92
0 49
1 76
1 45
0 36
1 20
0 16
0 45
0 75
0 14
1 44
0 76
1 25
0 44
0 5
1 7
1 67
1 55
0 25
1 29
1 85
1 21
0 32
1 3
1 4
0 3
0 4
1 83
1 59
0 20
0 59
1 53
1 4
1 11
0 34
1 30
1 86
0 86
1 65
0 65
0 30
0 4
1 22
1 92
0 67
1 94
0 83
1 8
1 44
1 50
0 7
1 40
1 63
0 44
0 55
1 39
0 11
0 94
0 73
1 34
1 14
0 8
0 53
1 57
0 21
0 63
0 29
1 37
1 75
1 33
1 83
1 19
0 83
0 22
1 86
1 30
0 39
0 50
1 95
1 82
0 30
1 96
0 95
1 39
1 87
1 88
0 28
0 39
0 57
1 53
0 88
1 22
1 79
1 25
0 82
0 34
1 83
1 100
1 3
1 13
0 14
1 97
1 23
0 86
1 55
0 19
0 13
0 23
1 63
1 78
0 25
0 22
0 53
0 75
1 61
1 1
1 66
0 92
1 47
0 33
1 18
1 67
0 96
1 35
0 100
1 58
1 32
0 55
1 34
0 87
1 92
0 61
0 79
0 58
0 67
0 66
1 87
1 56
1 19
0 35
0 97
0 19
1 82
0 40
1 68
0 63
0 92
0 37
0 32
1 97
1 95
0 97
1 21
0 47
0 21
0 1
0 56
0 87
0 82
0 83
0 34
0 78
0 95
1 90
0 18
0 68
0 85
1 28
1 39
0 39
1 95
1 37
0 90
0 37
0 95
1 19
0 19
0 28
1 45
1 20
1 40
0 20
0 3
1 6
1 63
0 40
1 19
0 6
1 21
0 45
0 63
1 38
1 98
0 21
0 98
0 38
0 19
1 77
0 77
1 98
1 18
1 19
0 19
1 13
1 77
0 98
1 71
1 7
1 34
0 18
1 22
1 87
1 15
1 6
1 84
1 8
0 87
0 13
0 34
0 6
1 76
1 99
1 21
1 91
0 8
1 100
1 48
0 100
0 71
0 7
1 47
1 100
1 1
0 99
0 100
0 76
1 76
0 84
1 49
1 25
0 22
1 97
0 1
0 91
0 97
0 76
1 99
1 14
1 46
1 42
0 42
1 30
0 15
1 40
1 26
0 99
1 62
1 27
1 68
1 78
1 33
0 78
0 30
0 68
1 41
0 25
1 64
0 40
0 41
1 45
0 77
0 27
1 4
0 62
1 5
1 54
1 41
0 14
1 99
0 41
1 30
0 54
1 19
1 82
1 6
1 100
1 60
1 93
1 71
0 48
1 87
1 73
1 14
0 60
0 4
0 47
1 96
1 83
0 26
0 46
0 64
0 30
0 73
0 19
1 29
0 21
1 92
0 83
1 52
0 6
1 94
1 37
0 5
0 82
1 95
1 17
0 96
1 30
0 71
1 31
1 53
1 89
0 95
1 97
0 97
0 87
0 94
0 29
0 92
0 30
0 45
1 21
1 6
1 79
1 75
1 9
1 19
0 21
0 49
1 65
1 25
1 34
1 76
0 53
0 79
1 1
0 19
0 25
1 20
1 39
0 99
1 4
0 17
1 97
1 88
1 55
1 50
1 30
0 9
1 35
1 66
0 52
1 11
1 60
1 51
1 84
0 93
1 90
1 71
1 29
0 100
1 72
0 84
1 23
0 33
1 21
0 6
0 72
1 85
1 77
0 90
0 30
1 13
1 22
0 85
0 66
0 37
0 39
1 66
0 71
0 66
0 23
0 20
0 88
1 72
0 60
1 64
1 70
0 50
1 95
1 36
0 4
0 35
1 37
0 14
0 89
1 9
0 76
0 51
1 19
0 77
0 29
1 48
1 85
1 10
0 34
1 38
0 72
0 13
1 32
1 83
1 25
1 3
1 20
0 32
0 22
1 68
0 75
1 66
1 73
1 63
0 31
1 86
1 87
1 54
1 52
0 37
1 82
0 70
1 58
1 74
0 9
1 29
1 53
1 47
1 80
1 67
0 65
1 84
0 73
0 74
1 51
0 10
0 20
1 16
1 22
0 16
0 25
0 97
0 19
1 93
0 36
0 85
1 5
0 64
0 52
0 51
0 58
0 29
0 63
0 21
0 80
0 93
0 3
0 84
0 87
1 9
0 54
0 68
1 97
0 82
0 86
1 23
0 95
0 23
1 7
0 67
1 44
0 55
0 44
0 9
