1000
1 5
0 5
1 93
0 93
1 96
0 96
1 60
0 60
1 71
1 54
0 54
0 71
1 86
0 86
1 82
0 82
1 31
0 31
1 7
1 81
1 91
1 58
1 41
0 41
0 58
0 81
0 91
1 50
0 7
1 48
0 48
1 56
1 25
0 50
0 25
0 56
1 91
0 91
1 66
1 83
1 2
1 10
0 66
1 88
1 6
0 10
0 88
0 6
0 83
0 2
1 17
0 17
1 68
1 20
0 20
0 68
1 90
1 36
1 74
1 73
1 58
1 59
1 40
0 74
1 77
1 41
1 50
1 19
0 59
1 85
0 85
0 19
0 36
1 29
0 41
1 8
1 68
1 49
1 9
1 10
1 74
1 48
1 12
0 40
0 9
1 51
0 12
0 10
1 24
1 65
0 49
1 33
0 33
0 90
1 92
0 58
1 21
0 24
0 74
1 26
0 77
0 8
1 84
1 61
0 51
0 73
1 1
0 92
0 50
0 84
0 65
0 29
0 48
0 1
1 96
1 27
1 77
1 5
1 22
0 96
1 28
0 77
1 62
0 27
1 51
0 62
1 23
0 23
0 68
0 28
0 51
0 61
0 22
1 13
0 21
0 26
0 5
0 13
1 68
1 88
0 68
0 88
1 44
1 29
0 29
1 4
0 4
0 44
1 41
1 17
1 39
0 17
0 39
0 41
1 44
0 44
1 97
0 97
1 60
0 60
1 55
1 71
0 71
0 55
1 67
0 67
1 32
0 32
1 49
0 49
1 8
1 22
1 94
1 98
0 94
1 4
1 26
1 5
0 98
1 40
0 8
0 40
0 22
0 4
1 4
0 5
0 26
1 49
1 82
1 17
1 48
1 75
1 66
1 55
1 52
1 50
1 18
1 13
1 97
1 98
1 19
1 41
0 98
0 50
0 48
1 81
1 58
1 40
0 97
0 49
1 20
0 55
0 66
0 75
1 23
1 39
1 32
1 60
1 64
0 40
1 36
1 51
1 83
0 17
1 47
0 13
1 33
0 58
1 71
1 91
1 77
1 28
1 21
1 75
0 4
1 14
0 81
1 53
1 95
0 91
1 84
0 95
0 14
0 39
0 84
1 68
0 41
1 63
0 36
1 87
1 69
1 6
1 49
1 65
0 23
1 62
0 62
0 82
0 6
1 56
1 22
1 78
1 55
0 71
0 19
1 61
0 61
1 58
1 23
0 60
1 14
1 66
0 65
1 60
0 47
1 89
0 83
0 32
1 86
0 20
1 82
1 54
1 48
0 51
1 10
1 25
0 33
1 46
1 24
1 88
1 15
1 39
1 73
1 79
0 68
0 82
0 66
0 86
1 90
1 61
1 42
1 40
1 12
0 63
1 19
1 7
1 62
0 56
0 46
1 68
1 26
0 48
1 66
1 20
1 29
1 16
1 56
1 4
0 78
1 91
0 73
0 15
0 10
0 60
0 64
1 43
0 24
0 7
1 17
1 81
1 31
0 56
1 24
0 90
1 27
1 92
0 75
0 88
1 36
0 28
0 42
0 19
1 83
1 19
1 90
1 78
1 70
1 71
0 81
0 49
1 35
1 28
1 72
0 79
1 59
0 78
1 32
1 76
0 35
0 31
0 22
1 41
1 30
1 42
0 18
0 89
0 90
1 13
1 34
1 15
0 41
0 87
1 11
0 13
1 63
0 17
1 41
1 60
0 28
0 36
1 44
1 64
0 60
1 89
0 68
0 83
0 55
0 12
0 23
0 71
1 35
0 77
1 85
0 16
1 67
1 55
1 45
1 16
0 34
1 86
0 69
1 1
0 92
1 60
0 11
1 65
1 46
1 31
1 68
0 1
0 15
1 78
0 63
0 91
1 47
1 5
0 62
0 67
1 73
1 87
1 49
0 27
0 26
1 74
0 72
0 87
1 93
0 65
1 83
0 53
1 88
0 88
1 48
0 86
0 76
0 31
0 93
0 20
0 32
1 31
0 42
0 40
1 26
0 19
0 83
0 66
1 22
1 56
0 89
0 54
1 97
0 30
0 39
1 6
1 87
0 35
1 50
1 12
0 12
0 87
1 1
1 38
0 73
1 69
1 20
0 58
0 60
0 41
1 72
0 16
0 97
0 43
0 59
0 45
0 48
1 10
0 69
0 20
1 51
1 87
0 72
0 21
0 51
1 53
0 1
1 88
0 14
1 95
0 74
1 57
0 64
1 16
0 4
0 44
0 38
1 73
0 88
1 32
1 79
1 33
0 78
0 68
1 18
0 87
0 70
0 55
1 58
1 74
1 59
1 66
0 46
1 76
1 23
0 66
1 27
0 26
0 52
0 25
1 17
1 80
1 21
0 16
0 24
0 27
1 51
0 57
0 18
0 49
0 31
0 47
0 23
0 58
1 58
1 75
0 61
0 50
0 10
0 33
0 6
1 43
0 51
1 23
1 72
0 21
0 85
1 45
1 86
1 24
0 59
0 73
1 7
0 24
0 5
1 88
1 19
0 29
0 19
1 98
1 92
0 53
1 19
1 100
1 81
1 46
0 92
1 41
1 2
0 100
1 59
1 20
1 64
0 43
1 35
0 58
0 76
0 64
0 32
0 59
0 75
0 74
1 37
0 2
1 47
0 37
1 40
1 96
0 46
1 33
0 45
0 7
1 46
1 24
0 79
0 20
1 85
1 49
0 72
0 95
1 12
0 24
1 48
1 68
0 23
1 42
1 97
1 32
0 85
0 96
0 46
0 47
1 8
1 47
1 95
0 33
0 41
0 32
0 80
0 17
0 12
1 62
1 84
0 81
1 33
1 36
1 80
0 48
1 94
0 22
0 47
1 45
0 62
1 55
0 80
0 97
0 35
0 45
1 20
1 50
1 71
1 35
1 51
0 88
1 15
1 22
1 99
0 99
0 55
0 95
1 11
0 50
0 42
1 69
0 19
0 35
1 73
1 62
1 64
1 52
1 95
0 40
1 37
0 20
1 6
1 17
1 29
1 7
1 18
0 69
0 17
1 88
1 20
1 72
1 38
1 13
0 33
0 71
1 78
0 94
0 72
0 22
0 6
0 20
1 91
1 27
1 89
0 78
0 15
0 51
1 5
1 21
1 80
0 18
0 91
0 86
1 96
0 80
0 68
0 89
0 37
0 27
1 60
0 62
0 29
0 7
1 46
1 93
1 78
0 36
1 79
0 11
0 88
1 35
0 46
0 95
0 64
0 21
0 93
0 96
0 98
0 79
1 24
1 20
0 35
0 5
0 52
0 13
0 84
0 49
0 73
1 21
0 60
0 56
0 38
0 8
0 20
0 21
1 2
0 24
0 78
1 11
0 11
1 51
1 11
0 11
1 46
0 51
0 46
0 2
1 81
0 81
1 61
1 100
0 100
1 79
1 90
1 44
0 44
1 85
1 74
1 59
1 96
0 79
0 61
1 41
0 59
0 85
0 41
0 96
1 75
0 74
0 90
0 75
1 89
1 82
1 85
0 89
1 44
1 75
0 44
0 75
1 80
1 100
1 59
0 100
1 31
0 85
0 82
1 81
1 77
1 65
0 77
0 31
1 50
1 28
1 63
0 63
0 65
1 62
1 72
0 72
0 50
1 25
1 58
0 81
1 48
0 25
0 80
1 74
1 36
1 89
0 62
0 36
1 77
0 74
1 61
0 28
1 31
1 94
1 43
1 41
0 89
0 94
0 59
1 38
1 49
0 61
0 58
1 63
1 24
1 64
0 41
1 25
1 95
0 25
1 4
0 4
0 64
0 95
1 84
1 92
1 93
1 94
0 84
0 43
0 48
0 77
1 48
1 84
0 84
0 38
0 92
0 93
1 5
0 63
1 2
1 11
0 24
1 43
0 49
0 43
1 67
1 54
1 6
1 19
0 6
1 36
0 36
0 2
1 1
0 5
1 75
1 15
1 61
1 40
0 67
1 76
1 38
0 94
0 61
0 40
1 32
1 49
0 11
1 42
0 31
1 43
1 9
0 19
0 9
0 15
1 5
1 91
1 56
0 5
1 100
1 68
1 31
1 25
1 77
1 85
0 42
1 63
0 68
1 78
1 82
1 2
1 7
0 56
0 82
0 54
0 100
0 32
0 76
1 60
1 34
1 79
0 38
0 48
0 91
1 24
1 92
1 4
1 11
1 94
1 18
1 96
1 86
1 32
1 87
0 25
0 43
1 100
0 4
1 76
1 91
1 80
0 34
1 73
0 7
1 36
1 66
0 80
1 61
1 84
1 68
0 63
0 79
1 57
1 40
1 5
0 32
0 61
0 36
0 2
0 100
0 1
0 77
1 22
0 73
1 77
1 2
1 79
0 77
0 76
0 11
1 93
1 27
1 6
0 75
1 28
1 46
1 98
0 60
0 28
1 53
1 100
0 94
1 97
0 57
1 88
0 96
0 53
1 14
0 40
0 49
0 5
0 86
0 87
1 20
0 98
1 10
0 91
0 97
1 37
1 30
1 21
0 100
1 25
1 9
1 33
