1000
1 86
0 86
1 39
1 25
1 15
1 36
1 69
1 73
0 15
1 10
1 83
0 83
1 62
1 99
1 29
1 32
1 20
1 1
1 55
1 82
0 32
0 69
1 67
0 20
1 83
0 83
1 58
1 49
1 100
1 78
1 37
0 78
0 62
1 21
1 76
1 72
0 21
1 60
0 99
1 4
0 36
1 42
1 78
0 100
0 76
1 43
1 44
1 11
0 25
1 95
1 69
0 95
0 37
1 40
1 12
1 36
1 81
1 80
1 18
1 100
1 91
1 45
0 69
0 72
1 26
0 1
1 71
1 27
0 45
0 11
0 12
1 96
0 10
0 18
0 26
0 82
0 73
1 59
1 28
1 82
0 71
0 39
1 83
1 64
1 88
0 88
0 80
1 69
0 78
1 5
0 42
0 36
0 58
1 61
1 6
1 32
0 29
0 60
0 32
0 61
0 59
0 91
0 5
0 6
1 59
0 69
1 47
0 83
1 1
1 99
0 27
1 68
1 41
1 11
0 1
0 47
1 54
1 92
1 72
0 67
1 65
0 99
0 41
0 43
0 59
0 40
1 56
0 96
1 8
0 49
1 3
1 57
0 11
0 92
1 99
1 22
1 95
1 80
0 82
0 99
1 25
1 84
0 22
1 89
0 57
0 65
0 4
0 64
0 89
1 14
0 95
1 61
0 80
0 84
1 60
0 56
1 62
0 14
1 45
0 54
1 79
0 61
0 3
1 26
1 75
1 51
1 85
1 6
1 29
1 36
1 57
1 31
0 26
1 9
0 62
0 55
0 31
0 8
0 81
0 44
0 100
0 29
1 13
1 98
1 100
0 45
0 13
0 57
1 89
0 68
0 79
1 24
0 28
0 6
0 98
0 9
0 60
0 25
0 51
0 72
1 67
0 85
1 76
0 76
1 92
1 90
0 100
0 75
0 24
0 90
1 76
1 54
1 97
0 54
1 81
1 38
1 14
0 38
1 33
1 19
1 84
0 76
1 76
1 44
1 23
0 76
0 36
0 84
1 73
0 89
0 73
0 33
1 68
0 44
1 52
0 52
1 1
1 98
1 51
1 69
1 88
0 67
0 97
0 14
0 69
1 4
0 1
1 26
0 98
1 57
0 26
0 92
0 51
1 61
1 55
1 74
0 19
1 30
0 55
1 80
1 14
0 30
0 23
0 14
0 74
0 61
1 51
1 82
0 80
1 23
0 82
1 9
1 5
0 9
1 96
1 59
0 57
1 3
1 35
1 74
1 26
0 59
1 43
0 5
1 40
1 21
0 68
0 35
0 51
1 56
0 74
1 60
1 55
1 54
0 54
1 24
0 96
0 88
1 22
0 3
1 25
0 60
1 97
0 4
0 40
1 72
1 96
1 71
1 39
1 34
0 39
1 63
0 22
1 99
0 24
1 35
1 77
0 25
0 81
1 73
1 74
0 72
1 80
0 74
0 34
0 77
1 72
1 47
1 79
0 21
0 23
0 63
0 97
1 95
0 95
1 58
0 43
0 73
1 97
1 60
1 31
0 58
0 79
1 8
1 27
0 8
1 65
1 10
0 71
1 33
1 100
1 11
0 96
0 99
0 60
0 35
1 34
0 10
1 58
0 33
1 30
0 58
1 85
0 97
1 37
1 74
0 27
1 43
0 26
1 73
1 48
0 37
1 59
1 91
1 32
0 48
1 29
1 48
1 18
1 92
1 66
1 79
1 64
0 56
1 81
0 81
1 10
1 77
1 75
0 92
1 84
0 10
1 21
1 9
0 85
1 76
0 91
1 88
1 28
0 21
0 31
0 76
0 79
1 76
0 47
0 55
1 1
1 17
0 75
0 30
0 43
1 47
0 47
1 31
1 58
0 29
1 95
1 50
1 90
1 92
0 28
1 81
1 78
0 66
1 55
0 88
1 94
0 17
0 80
0 92
1 70
1 96
0 76
1 10
1 33
0 73
0 65
1 62
0 70
1 69
1 99
1 22
1 51
1 40
0 31
1 2
0 40
1 56
1 3
0 32
0 1
1 29
0 64
1 40
0 40
0 48
1 63
0 96
1 83
0 84
1 68
0 11
0 58
0 29
1 98
0 100
1 5
1 4
0 90
1 36
1 37
0 94
0 50
1 35
0 10
1 66
1 45
1 57
1 67
1 64
1 12
0 67
1 17
1 49
0 12
0 45
0 5
0 4
1 70
0 55
0 95
1 20
1 76
0 20
1 94
1 75
1 60
1 30
0 62
1 96
0 2
1 5
0 81
1 71
0 5
0 30
0 94
1 79
1 46
1 89
1 61
1 48
1 65
1 80
1 7
1 73
1 82
1 38
0 17
0 98
1 81
1 4
1 39
1 58
0 9
0 99
1 54
0 37
1 45
1 55
0 45
1 52
0 35
1 45
1 35
0 34
1 95
0 80
0 70
1 23
1 62
0 38
1 67
1 38
1 32
0 72
1 90
1 12
1 28
1 31
0 82
0 38
0 55
0 52
1 40
0 57
1 10
1 27
0 10
0 7
1 99
1 19
1 41
1 11
1 17
0 77
0 68
0 46
0 81
1 68
1 24
0 71
0 79
0 89
1 82
1 52
1 93
0 64
1 14
0 68
1 81
1 57
0 27
1 94
1 21
1 70
1 8
1 42
1 53
0 14
0 65
0 42
1 37
0 19
1 85
0 22
0 12
1 68
0 57
1 14
1 15
1 64
0 58
1 20
0 18
1 16
1 38
0 17
1 97
0 94
0 4
1 25
0 20
0 15
0 49
0 59
1 71
1 80
1 49
1 89
1 55
0 97
1 94
0 75
0 99
1 42
0 40
0 66
1 50
1 40
0 37
0 28
0 67
0 61
0 94
0 95
1 22
0 73
0 80
1 97
1 15
1 57
1 58
1 43
0 93
0 33
0 15
0 89
1 59
0 31
0 3
0 43
1 95
1 66
0 35
0 81
1 72
1 75
1 61
1 65
1 77
1 73
0 83
1 67
0 41
1 79
1 10
0 85
0 95
1 33
0 55
0 54
1 6
1 54
0 73
1 73
1 92
1 80
1 30
1 31
0 32
1 81
1 83
0 83
0 75
1 46
0 6
0 97
1 5
0 51
1 26
0 73
1 28
0 26
0 92
0 66
0 8
1 83
0 45
1 43
1 73
1 84
0 72
1 94
0 43
0 49
1 97
1 41
0 62
1 26
0 57
0 38
1 37
0 59
0 63
1 18
0 65
1 91
1 29
1 32
1 72
0 31
1 34
0 54
1 92
1 51
0 21
0 83
0 25
1 65
1 38
1 75
0 68
0 94
0 78
0 51
1 89
1 78
0 84
1 68
0 74
0 77
0 42
0 91
1 45
0 78
1 74
0 72
1 6
1 42
1 59
1 43
0 53
1 83
0 64
0 89
0 26
0 83
1 44
1 21
1 47
0 67
0 68
1 57
0 34
1 51
0 10
0 30
0 18
0 65
0 69
1 83
0 97
0 5
1 30
0 51
0 52
0 11
1 15
0 61
1 98
0 48
0 80
0 59
0 92
1 94
0 6
0 37
0 75
1 13
1 78
0 23
0 79
0 29
0 28
1 9
0 42
1 48
0 40
0 43
1 61
0 36
0 33
1 19
1 5
1 42
0 58
0 96
0 82
1 77
0 77
1 64
1 12
1 25
1 18
1 43
0 21
1 26
0 5
1 34
1 49
0 47
0 30
0 48
0 94
0 64
0 9
0 12
1 99
0 50
1 97
0 43
1 47
1 37
1 82
0 44
1 88
0 15
0 83
1 2
1 86
1 6
1 59
1 21
0 88
1 65
0 59
0 61
0 82
0 14
1 93
0 60
0 73
0 19
1 33
0 32
1 100
1 43
0 43
0 39
0 93
1 87
1 82
1 31
0 98
0 71
0 33
0 16
1 58
0 47
0 41
1 40
0 49
0 26
1 1
1 23
0 58
0 18
0 97
1 36
0 86
1 39
1 83
0 24
0 31
0 70
1 3
1 12
1 41
1 93
0 87
0 90
0 76
1 27
1 43
0 42
1 58
1 94
0 6
0 3
0 12
0 81
0 57
1 87
1 63
1 72
0 100
0 25
0 27
1 42
0 63
1 3
1 44
1 47
1 48
1 88
0 43
1 35
1 59
1 43
1 18
1 60
0 40
0 21
1 81
0 42
0 23
1 92
1 23
0 2
0 56
1 80
0 37
0 60
1 89
0 47
1 20
1 84
0 89
1 60
0 48
1 19
0 72
1 12
1 70
1 48
0 88
0 87
0 65
0 43
0 35
1 25
1 61
0 23
0 70
0 93
0 19
0 80
1 47
0 82
1 71
1 56
0 13
1 100
1 19
1 72
1 91
0 56
0 20
0 60
1 73
0 72
1 77
1 9
0 92
1 52
0 46
0 38
1 13
0 59
1 49
0 44
1 85
1 32
1 97
0 19
0 74
1 19
1 60
0 48
1 40
1 53
0 53
1 43
0 41
0 22
1 44
1 46
1 86
1 66
