1000
1 50
1 28
1 37
0 50
1 2
0 2
1 46
0 46
0 28
0 37
1 99
0 99
1 91
0 91
1 71
0 71
1 64
1 73
1 57
1 29
0 73
1 43
1 9
1 36
0 9
0 64
1 64
1 31
0 29
0 36
1 10
0 64
1 69
0 69
1 13
0 43
0 57
1 37
1 15
1 16
1 35
0 15
0 16
1 93
1 9
0 35
1 25
0 37
0 31
1 88
0 25
1 61
0 61
1 71
1 2
1 11
0 13
0 2
1 60
1 22
0 71
0 60
1 26
0 11
1 8
0 22
0 93
1 57
1 77
1 39
0 10
0 8
0 77
0 39
0 57
1 7
0 88
1 29
1 80
0 26
0 80
1 21
0 9
0 21
0 29
1 44
0 7
0 44
1 66
1 55
1 18
1 69
0 66
1 2
0 2
0 69
1 98
1 64
1 38
0 38
0 18
0 64
0 55
0 98
1 76
1 85
1 27
0 76
1 59
1 96
1 22
0 59
0 27
1 19
1 23
1 46
1 60
0 22
0 96
0 60
1 12
1 27
0 12
0 19
0 46
1 20
0 23
1 32
1 36
0 32
0 27
0 20
1 76
1 37
0 85
1 7
0 7
1 38
0 38
1 96
0 37
0 96
0 76
0 36
1 23
1 12
0 12
1 27
0 27
0 23
1 42
1 54
0 54
0 42
1 20
0 20
1 46
0 46
1 88
0 88
1 99
1 12
1 84
1 26
1 80
0 12
0 84
0 26
1 79
0 80
0 79
0 99
1 78
1 43
0 78
1 57
0 43
0 57
1 83
0 83
1 61
0 61
1 18
0 18
1 7
0 7
1 55
1 11
1 86
1 76
0 55
0 11
0 76
0 86
1 49
1 46
1 50
0 49
0 50
1 28
0 28
1 83
0 46
1 4
0 4
1 75
0 83
0 75
1 10
1 13
0 10
0 13
1 49
1 99
1 30
1 97
0 97
0 49
1 3
0 99
0 30
0 3
1 22
1 7
0 7
0 22
1 68
0 68
1 66
0 66
1 66
1 75
0 75
1 94
0 66
0 94
1 91
0 91
1 77
0 77
1 41
1 61
1 76
0 41
1 25
1 90
0 25
0 61
0 90
0 76
1 55
1 41
0 41
1 11
1 10
0 10
1 68
0 55
0 11
1 31
0 68
1 45
1 32
0 32
1 22
1 27
0 22
1 78
0 78
0 27
0 45
0 31
1 11
0 11
1 94
0 94
1 81
1 61
0 81
1 58
1 33
0 58
0 61
1 46
0 33
0 46
1 91
0 91
1 26
0 26
1 45
0 45
1 56
0 56
1 62
0 62
1 55
0 55
1 72
0 72
1 75
1 57
0 57
1 37
0 37
0 75
1 53
1 79
1 54
1 89
1 58
0 54
1 23
0 79
0 23
1 64
0 53
0 58
1 1
0 89
0 1
0 64
1 77
0 77
1 5
1 100
1 34
0 5
0 34
0 100
1 89
0 89
1 36
0 36
1 11
1 21
1 12
1 15
0 12
1 62
0 62
1 81
0 21
0 11
1 3
1 92
1 13
1 25
1 8
1 59
0 92
0 81
0 13
1 80
0 15
0 25
1 35
0 8
0 80
1 20
1 32
1 38
1 65
1 67
1 51
1 63
1 98
1 94
0 3
0 59
0 35
1 75
0 32
1 42
0 98
1 56
0 20
1 4
1 52
1 14
0 52
0 4
0 51
0 75
1 30
0 63
1 85
0 65
1 32
1 58
1 15
0 14
1 80
0 15
0 38
0 94
0 80
0 56
0 42
0 85
1 11
0 32
0 58
0 30
1 37
1 93
0 37
1 77
0 11
1 15
0 93
0 15
1 89
0 89
0 77
1 21
1 28
1 87
1 64
0 64
1 31
1 93
1 61
0 67
1 72
1 33
1 63
1 60
0 61
0 72
1 35
1 36
0 33
1 81
1 61
1 14
0 81
0 36
1 43
1 80
0 21
1 82
1 81
1 89
1 36
0 82
0 80
1 23
1 15
1 82
0 87
1 10
0 14
0 43
0 35
0 61
0 60
0 15
1 47
1 3
1 25
0 23
1 45
1 100
0 63
0 36
1 61
1 44
0 31
0 44
1 4
1 80
1 84
0 47
1 19
1 5
0 4
1 11
0 19
0 89
1 94
0 93
1 71
1 58
1 85
0 81
0 3
1 81
1 93
1 35
1 53
1 12
0 100
1 49
0 5
1 4
1 41
1 20
0 58
0 61
1 37
0 25
1 92
1 89
0 10
0 35
0 45
0 20
0 53
1 87
1 13
1 34
1 42
0 13
0 41
1 67
1 78
1 13
1 86
0 71
1 29
1 6
0 4
1 95
0 92
0 87
0 67
0 37
1 35
0 82
1 74
1 46
0 74
1 30
1 43
1 36
1 67
0 94
1 69
0 95
1 87
0 12
0 6
0 11
1 70
0 67
0 35
0 30
0 34
0 89
0 93
0 85
1 14
1 45
0 43
1 88
0 80
1 100
0 28
0 81
0 69
1 1
1 25
0 14
0 100
0 13
0 25
1 73
0 42
1 3
1 11
0 73
0 86
1 30
0 49
1 22
1 52
1 49
1 58
0 88
1 14
1 6
0 49
1 89
1 90
1 10
1 72
0 90
1 69
0 3
1 7
0 84
1 5
1 15
1 59
1 81
0 7
1 21
1 84
0 21
0 58
1 3
0 69
1 65
1 96
1 27
1 99
1 100
1 12
0 15
0 89
1 19
1 28
0 45
1 71
0 81
0 70
1 90
0 59
0 84
0 78
1 66
1 89
0 12
0 99
0 14
0 11
1 94
0 90
0 30
1 44
1 95
0 66
1 70
1 99
1 45
0 28
0 36
1 42
1 73
1 84
1 69
1 63
0 94
0 99
0 52
0 44
1 20
1 47
1 28
1 40
0 87
0 71
0 10
1 97
1 87
1 39
1 98
1 2
0 73
1 54
0 84
1 81
1 83
1 68
0 42
1 48
1 33
1 94
0 72
0 87
0 83
1 23
0 81
0 65
1 7
0 54
1 83
1 30
0 6
0 27
1 53
1 86
0 23
0 30
0 29
0 69
0 94
1 57
0 53
0 96
1 16
1 34
0 63
0 39
0 48
1 4
0 57
1 37
0 89
1 60
0 16
1 44
0 86
1 52
1 21
0 98
0 5
0 95
1 95
0 34
1 18
0 68
1 94
1 73
0 3
0 40
0 83
0 52
0 18
1 50
0 19
1 66
1 8
0 37
1 78
1 9
0 22
0 1
0 21
1 58
1 79
0 20
0 78
1 6
1 81
0 79
1 80
0 97
1 42
1 34
1 43
1 82
0 46
1 57
0 70
0 45
1 40
0 44
1 10
0 60
1 24
0 4
1 11
1 83
0 7
1 25
0 81
1 88
0 11
1 81
1 36
0 6
1 7
1 15
0 81
1 72
1 3
1 45
1 78
0 73
0 57
1 84
1 71
0 88
1 30
1 4
0 82
1 41
1 32
1 44
0 7
0 10
1 26
1 23
0 42
1 73
1 39
1 14
1 96
0 9
1 5
1 52
1 22
1 85
0 3
1 86
1 46
0 72
1 31
0 84
1 61
0 14
1 67
1 9
1 29
0 31
0 41
1 68
0 40
1 27
1 75
1 14
0 29
0 25
0 58
0 46
0 4
0 73
0 52
1 19
1 29
0 68
1 10
1 73
1 46
0 10
0 8
1 6
1 81
1 69
0 30
0 71
1 53
1 20
1 37
1 41
0 24
0 67
1 35
1 7
1 87
0 47
1 98
1 88
0 96
0 95
0 50
1 21
0 73
0 15
1 93
0 81
1 38
1 81
0 98
0 88
1 64
0 81
1 8
0 9
1 55
0 20
1 20
0 23
0 5
0 36
1 40
0 40
1 70
1 23
1 47
0 70
0 53
1 96
0 20
1 31
1 48
0 87
1 30
1 36
1 92
0 19
1 15
1 62
0 94
1 88
0 45
0 29
0 15
1 13
1 77
0 30
0 41
1 56
1 57
0 35
0 56
1 24
0 85
0 37
0 22
0 93
0 36
1 36
0 66
1 35
0 32
1 87
0 36
1 29
0 35
1 81
0 14
1 63
1 14
1 98
0 6
0 86
1 91
0 92
1 18
1 89
0 24
1 30
0 33
1 97
1 60
1 19
0 30
1 76
0 88
1 92
0 60
1 15
1 30
0 23
0 13
0 55
1 70
1 79
0 89
1 5
0 48
1 3
1 50
1 6
0 98
1 82
1 98
1 37
1 84
0 46
0 6
0 84
1 95
1 1
0 14
0 82
1 84
1 35
1 20
1 22
0 47
1 60
0 21
1 73
1 36
0 83
0 26
1 82
0 81
0 70
1 86
1 32
1 65
0 86
0 36
0 100
1 51
1 93
0 61
1 66
0 22
1 41
1 81
1 83
0 32
1 32
1 56
0 76
1 99
0 20
0 98
1 61
1 46
1 9
1 67
1 85
1 6
