1000
1 14
1 29
1 15
1 79
0 14
1 43
1 55
1 99
0 43
0 29
1 3
0 15
1 98
0 99
0 3
1 85
0 98
0 85
1 19
0 19
1 28
1 32
1 38
0 79
1 42
1 13
0 28
1 47
1 8
0 47
1 75
0 38
0 75
1 75
1 17
1 98
1 79
1 34
1 52
0 98
0 32
1 33
1 12
1 82
0 17
1 81
0 42
1 37
1 53
1 30
1 1
0 81
1 28
1 54
1 22
1 70
0 28
0 54
0 52
1 76
1 56
1 23
1 98
1 100
1 16
0 82
0 70
0 8
0 16
0 13
1 11
1 69
1 54
1 24
1 41
0 41
0 55
1 59
1 39
1 15
1 86
0 12
0 98
0 23
1 12
1 49
1 57
1 20
1 35
1 13
0 35
0 37
0 34
1 55
0 69
0 76
1 99
1 23
1 9
1 18
1 90
0 30
1 76
0 24
1 5
0 54
0 39
1 19
0 99
0 19
0 20
0 79
1 10
0 100
0 1
0 90
0 53
0 10
1 96
0 76
1 14
1 98
1 88
0 23
1 53
1 85
0 22
0 11
0 85
1 99
1 83
1 89
0 9
1 70
0 89
1 32
0 32
0 99
0 98
0 12
0 18
1 27
1 41
0 75
1 42
0 14
0 70
0 41
1 74
1 46
1 68
0 74
0 27
0 33
0 42
0 96
1 75
0 55
1 98
0 98
0 49
0 68
0 86
1 93
1 36
1 86
1 25
0 57
1 58
1 18
1 34
0 25
1 84
0 18
1 47
0 47
1 7
0 75
0 83
1 85
1 6
0 93
1 40
0 34
0 46
1 20
0 40
0 85
0 15
0 88
0 59
1 95
0 36
1 96
1 32
1 89
1 88
0 20
0 7
0 89
1 60
1 7
1 62
0 53
0 95
1 94
1 76
0 62
0 6
0 60
1 30
1 40
0 58
0 94
1 68
0 84
1 9
0 32
1 43
0 96
1 18
0 30
1 19
1 24
1 91
0 91
1 87
1 14
1 50
0 43
0 9
0 13
0 68
1 17
1 12
0 86
1 74
0 17
1 37
1 99
0 40
1 66
0 19
0 18
1 78
0 7
0 5
0 99
1 51
0 74
1 58
0 58
1 3
0 78
1 99
1 78
1 43
1 16
0 50
0 99
0 12
1 17
1 50
1 39
0 3
1 52
0 88
1 57
0 24
0 50
1 34
1 67
1 50
0 51
0 34
0 43
1 94
1 95
0 95
1 44
1 68
0 68
0 50
1 58
0 52
1 40
1 31
0 31
1 6
1 79
1 95
1 36
1 19
0 78
0 76
0 6
1 38
1 83
0 67
0 40
1 45
1 78
0 16
1 23
0 23
0 57
1 92
1 96
0 38
1 38
0 36
1 97
0 95
0 37
1 32
1 80
0 45
1 23
1 62
0 80
0 14
0 38
0 87
0 23
1 82
1 25
0 79
1 16
0 94
1 24
1 81
1 77
0 17
0 83
1 36
0 96
1 95
1 26
1 93
1 75
0 97
1 59
1 83
0 36
1 90
0 83
0 44
0 90
0 26
1 18
1 57
1 53
1 94
1 74
0 92
1 89
0 18
0 53
0 77
1 1
0 75
1 54
0 39
0 19
0 59
0 94
0 95
1 63
0 1
0 81
1 84
1 59
1 95
0 95
1 26
1 43
1 36
0 66
1 99
0 56
0 84
1 69
1 64
1 51
1 95
1 20
0 57
1 41
1 4
0 16
1 5
1 42
1 44
1 40
1 28
0 26
1 98
0 69
1 26
1 65
1 3
0 24
1 76
1 94
1 27
1 29
0 78
0 36
1 83
0 20
1 6
1 21
1 88
0 62
0 51
0 82
0 21
1 96
0 41
1 79
1 7
1 19
0 32
0 83
0 89
0 79
1 55
1 23
1 56
0 3
0 93
0 42
1 93
0 63
0 93
1 97
1 82
1 46
0 7
0 99
1 89
1 30
0 56
1 66
1 80
0 55
0 97
0 43
1 60
1 75
1 10
1 70
1 61
0 19
0 25
1 9
0 70
0 88
1 62
1 77
1 45
1 78
1 39
0 9
0 78
0 39
1 81
0 54
1 86
1 63
1 53
0 5
1 92
0 6
1 11
0 63
0 11
0 59
1 68
1 90
0 40
1 87
0 61
1 63
0 86
0 62
1 2
0 28
1 16
1 7
1 15
0 74
0 44
0 30
1 19
0 63
0 75
1 88
0 23
1 70
1 47
1 3
0 7
0 64
0 27
1 57
0 45
0 16
1 18
0 80
1 99
1 30
1 97
0 90
0 99
0 30
0 97
1 21
1 67
1 17
0 77
0 67
1 41
1 22
0 89
1 20
1 42
1 80
0 46
1 79
0 3
0 76
1 48
1 85
0 4
1 89
1 90
0 29
1 50
0 26
0 95
0 15
0 47
0 79
1 5
0 81
1 78
0 89
1 75
0 80
1 23
1 24
0 88
0 58
0 96
1 8
0 90
0 87
0 8
0 23
0 17
0 92
1 34
0 85
0 53
0 94
0 66
0 18
1 43
0 43
1 35
0 10
1 84
0 20
0 70
0 50
0 34
1 3
0 19
1 27
1 85
0 84
0 65
0 27
1 99
1 64
1 39
1 47
0 85
0 98
0 24
0 99
0 35
0 78
1 43
0 43
1 49
1 37
0 64
0 49
0 48
0 68
0 47
1 52
0 82
1 23
0 60
1 9
1 4
1 71
1 98
1 69
1 18
0 98
1 93
0 5
1 53
1 74
0 52
0 53
0 37
1 58
1 63
1 12
1 24
0 18
0 93
1 84
0 9
1 29
1 61
1 73
1 53
1 26
1 36
1 89
1 94
0 29
0 74
1 7
1 17
0 22
1 5
0 39
1 18
0 89
0 53
1 53
1 38
1 31
0 73
0 3
0 63
1 98
1 85
1 50
0 75
1 51
0 2
0 51
0 41
1 6
0 42
0 58
1 70
0 7
1 63
1 30
0 38
1 76
1 32
0 21
0 4
0 57
0 50
0 26
0 69
0 31
0 32
0 5
0 36
1 65
1 72
1 2
0 30
1 34
1 7
1 29
1 30
1 48
0 63
1 62
0 2
0 61
0 76
0 34
1 5
0 85
1 2
0 2
1 25
0 98
0 65
1 34
0 17
1 51
0 29
0 12
0 62
0 70
1 19
0 19
1 26
0 53
1 37
1 33
0 26
0 6
0 5
1 85
1 78
1 67
1 88
1 10
1 66
1 90
1 64
1 65
1 69
1 56
0 37
0 67
1 93
1 8
1 9
0 71
1 43
1 47
1 36
0 85
0 48
0 34
1 91
1 41
1 77
0 56
1 39
1 87
1 26
1 40
1 27
1 54
0 40
1 1
1 82
0 84
1 28
0 27
0 65
1 27
1 22
0 25
0 94
0 47
0 77
1 65
1 25
0 65
0 91
0 72
0 9
0 28
0 69
0 26
0 43
1 42
0 93
0 64
0 82
0 18
1 75
0 54
0 39
0 78
0 90
1 9
0 9
0 42
1 83
1 28
0 27
1 100
1 61
1 11
0 30
0 61
1 82
0 10
1 71
0 11
1 52
0 88
0 24
1 73
1 74
0 52
0 75
0 82
1 47
1 24
1 72
0 23
0 51
0 100
0 73
0 24
0 41
1 93
1 82
1 77
1 100
1 18
0 18
0 83
0 22
1 12
0 74
1 59
0 12
0 1
1 79
0 66
0 59
0 79
1 11
0 82
1 17
1 42
0 28
0 8
1 40
1 51
1 28
0 77
0 100
1 2
0 28
0 42
0 47
0 36
1 86
1 97
1 52
1 90
0 93
0 86
0 72
1 72
0 2
0 90
0 25
1 28
0 11
0 17
0 40
0 87
1 80
1 53
0 51
1 87
1 58
0 28
0 53
0 71
1 44
1 5
1 31
0 44
0 58
0 80
1 17
0 17
1 57
1 21
1 18
0 52
1 44
0 33
1 40
1 60
1 56
0 97
1 19
1 97
1 20
1 22
0 18
0 22
0 20
1 88
1 95
0 88
1 73
0 73
1 12
0 31
1 76
1 17
1 55
0 60
0 12
1 15
0 56
1 71
1 88
0 97
0 95
1 1
1 47
0 76
0 72
0 21
1 3
0 40
1 86
1 9
1 56
1 21
0 57
1 73
1 32
0 86
0 15
0 32
1 100
0 21
0 73
1 58
0 1
0 88
0 55
0 44
1 90
0 7
1 28
1 29
0 90
0 87
0 28
1 31
1 30
1 88
1 6
0 56
0 71
0 58
0 88
0 17
1 17
1 93
0 19
0 30
1 37
1 13
1 63
1 77
1 26
0 29
1 34
0 47
0 5
0 9
1 29
1 62
0 77
0 29
1 81
0 13
1 5
0 5
1 75
1 61
0 93
0 37
0 26
0 100
1 11
1 88
0 31
1 96
1 53
0 75
0 34
1 37
0 63
0 61
1 66
1 9
1 84
0 84
