1000
1 42
1 100
0 42
0 100
1 46
1 89
0 46
1 36
1 64
1 51
1 26
1 44
0 89
1 34
1 42
0 36
0 51
1 76
1 86
0 42
1 68
0 86
1 4
0 34
1 98
0 98
0 26
1 90
1 12
1 36
0 68
0 76
1 13
0 44
1 1
0 12
0 64
1 52
1 82
1 44
0 1
0 52
0 36
0 13
0 90
0 4
0 44
0 82
1 39
0 39
1 44
0 44
1 18
0 18
1 63
0 63
1 8
0 8
1 26
0 26
1 34
0 34
1 22
1 67
1 26
1 74
1 10
0 22
0 10
0 26
0 67
1 92
0 92
1 83
1 84
1 59
0 84
1 39
0 59
1 58
1 87
0 83
1 45
0 58
1 73
0 39
1 77
0 87
0 45
1 44
1 45
1 55
1 30
0 44
1 64
0 55
0 45
1 45
1 27
0 64
0 30
1 17
0 45
0 17
1 69
1 29
1 75
0 74
0 29
1 87
0 75
0 27
1 97
0 97
0 69
1 4
0 4
0 73
0 87
0 77
1 33
1 97
1 86
1 1
0 1
0 97
0 86
0 33
1 93
0 93
1 58
1 80
0 80
0 58
1 81
1 68
0 81
1 82
1 58
0 82
1 90
1 95
1 17
1 78
1 79
1 86
0 79
0 58
1 16
1 24
1 70
0 95
1 34
1 62
0 90
1 15
1 87
1 54
1 71
1 13
0 34
1 14
0 71
0 54
1 63
1 55
0 14
0 87
0 63
0 78
0 62
1 2
1 57
0 17
1 83
1 38
0 68
0 70
1 45
1 87
0 55
1 23
0 57
1 71
1 6
1 99
1 90
0 23
1 92
1 44
1 68
0 99
0 24
1 61
0 68
0 44
0 87
1 65
0 86
1 82
1 51
1 48
0 38
0 90
0 2
1 66
0 6
1 54
0 13
0 82
0 15
1 33
0 83
0 48
1 21
0 33
0 54
1 74
1 31
0 92
1 7
0 31
0 7
0 74
1 43
0 45
0 71
1 85
0 85
0 66
1 46
1 57
0 16
1 68
0 68
0 57
1 78
0 46
0 43
1 66
0 65
1 86
0 51
0 66
0 78
0 61
1 95
0 95
0 21
1 11
1 87
1 88
0 87
0 86
1 66
1 20
1 30
0 88
0 30
1 59
0 20
0 11
1 49
1 53
0 66
1 55
1 35
1 93
0 35
0 59
0 93
0 53
1 70
1 16
0 70
1 18
0 18
1 98
1 19
1 5
0 16
0 19
1 46
0 5
1 56
0 49
1 87
1 40
0 40
0 55
1 22
0 22
0 46
0 56
0 98
0 87
1 47
1 46
0 47
0 46
1 36
1 77
0 36
0 77
1 33
1 99
0 99
1 34
0 34
1 14
1 8
1 81
1 84
0 81
1 52
1 83
1 40
1 26
0 83
1 88
1 10
0 10
0 84
0 40
1 64
0 8
1 24
1 47
0 47
0 14
1 25
0 24
1 60
0 88
0 52
0 64
0 26
1 82
0 82
0 60
1 40
1 65
1 59
1 52
0 40
0 33
1 90
0 25
0 90
0 52
1 37
0 37
0 59
0 65
1 89
1 41
1 9
0 9
1 95
0 41
1 84
0 89
0 84
0 95
1 61
0 61
1 97
0 97
1 75
0 75
1 80
1 29
1 98
0 29
1 92
0 80
1 64
1 42
0 92
0 64
0 42
1 18
1 35
1 28
1 23
1 36
0 28
0 18
1 43
1 44
1 17
1 84
1 38
0 44
1 77
1 72
1 5
1 24
0 24
0 17
0 35
0 38
1 3
0 23
0 3
1 6
0 84
1 7
0 77
1 34
0 5
0 6
1 47
1 99
1 24
0 43
0 34
1 8
0 36
0 47
0 99
1 2
1 27
1 5
1 58
0 7
1 3
0 5
1 7
1 99
0 3
1 26
1 38
0 2
0 24
0 99
1 100
1 43
0 98
0 7
0 58
1 71
1 28
0 100
1 98
0 26
1 56
1 51
1 9
1 11
0 56
1 10
0 38
0 9
1 44
0 27
0 11
1 62
1 76
0 62
0 44
1 12
0 76
0 51
0 72
0 98
1 84
0 84
1 83
1 75
1 69
0 8
0 75
1 86
1 21
0 10
0 21
0 71
0 69
1 81
1 89
1 75
0 75
1 42
1 87
0 42
1 61
1 47
0 87
1 97
1 48
0 83
0 47
0 43
0 81
0 48
0 97
1 77
0 28
0 12
0 89
0 61
1 75
1 62
1 4
1 21
1 47
1 84
0 4
0 21
1 82
1 40
0 77
1 65
0 84
1 14
1 97
1 89
1 98
0 14
1 3
1 1
1 15
0 15
0 82
0 3
0 47
1 29
1 5
0 40
1 34
1 16
1 84
1 21
1 33
1 87
0 16
0 5
1 7
1 85
0 33
1 88
1 22
0 84
0 97
0 62
1 25
0 89
1 81
0 87
0 7
0 34
1 35
0 35
1 87
1 48
0 1
0 21
0 29
1 17
0 98
1 27
1 80
0 22
0 75
1 64
0 87
1 18
0 48
1 14
0 80
0 85
0 64
0 88
1 19
1 73
0 19
0 25
1 59
1 80
1 8
0 65
0 17
1 57
1 23
1 15
0 27
0 86
1 85
0 59
0 15
1 24
0 81
1 97
1 19
0 19
1 11
1 26
0 23
1 41
0 80
0 8
0 18
0 26
1 54
0 14
0 41
1 74
1 51
0 74
0 54
1 59
1 52
0 73
0 59
1 99
0 97
1 54
0 52
0 99
0 57
1 64
1 100
1 87
0 64
0 85
1 3
1 62
1 66
0 54
0 11
0 66
1 41
1 88
1 26
1 28
0 26
1 53
1 33
0 41
1 72
0 100
0 53
0 3
0 62
1 25
0 33
1 1
1 86
0 86
0 51
0 87
0 1
1 32
1 6
1 31
1 56
0 72
0 25
0 32
0 31
0 88
1 59
1 20
1 42
0 24
1 60
0 60
1 87
0 56
0 6
1 91
1 29
1 71
0 42
0 71
1 98
1 74
0 87
1 92
0 28
1 77
0 91
0 92
1 21
1 12
0 59
1 92
1 78
1 35
0 92
1 50
1 14
0 74
1 3
1 70
0 12
0 78
1 99
0 20
1 58
1 15
0 98
0 70
1 16
1 28
1 30
0 50
1 24
0 21
0 24
1 2
1 32
0 58
0 29
1 100
1 1
1 52
1 53
0 52
1 4
0 2
0 32
1 32
1 27
0 15
0 53
1 31
0 100
1 70
0 35
0 14
1 24
1 33
0 77
0 1
0 32
0 31
0 33
1 5
1 93
0 93
0 4
1 71
1 83
0 70
1 50
0 71
0 5
0 99
0 24
1 51
1 87
0 3
1 88
0 28
1 11
0 51
0 16
1 53
1 77
0 53
0 88
0 77
0 11
0 30
1 4
1 68
1 3
0 87
0 50
1 43
0 4
1 21
0 43
1 61
1 28
0 27
0 28
1 62
1 37
1 78
0 68
0 83
0 3
0 37
1 25
0 61
1 49
1 53
1 57
0 57
0 78
1 8
1 87
0 53
0 87
1 63
1 42
1 56
1 45
1 51
0 25
1 2
0 49
1 36
0 2
0 56
0 51
1 20
1 7
0 20
1 27
1 87
0 42
1 80
0 45
1 55
1 28
0 63
1 3
0 27
1 13
0 3
0 7
0 21
1 84
0 8
1 40
1 31
1 60
0 13
0 36
0 40
0 87
0 60
0 55
0 62
1 76
0 28
0 80
0 84
0 31
0 76
1 69
0 69
1 38
0 38
1 12
0 12
1 6
1 78
0 78
0 6
1 100
1 90
0 100
1 42
0 42
0 90
1 46
0 46
1 94
0 94
1 10
0 10
1 51
1 80
1 78
1 6
1 26
0 80
0 26
0 51
1 94
0 94
1 57
0 6
1 58
1 37
0 57
0 37
0 78
1 98
0 58
0 98
1 95
0 95
1 47
1 3
1 9
0 9
0 47
1 40
0 3
1 8
1 7
1 9
1 11
0 7
0 8
0 9
0 40
0 11
1 36
0 36
1 51
1 34
0 51
0 34
1 77
1 12
1 4
1 22
0 22
0 77
0 4
1 33
0 12
0 33
1 53
1 80
1 44
1 78
1 95
1 50
0 95
1 25
0 78
0 80
0 53
1 53
0 25
0 50
0 44
1 52
0 52
1 50
0 50
1 27
1 80
0 53
1 47
1 82
0 80
0 47
0 82
1 74
0 74
1 45
0 45
1 26
0 27
0 26
1 45
0 45
1 78
1 65
0 65
0 78
1 72
1 17
0 72
0 17
1 77
0 77
1 85
0 85
1 82
1 78
0 82
0 78
1 100
1 27
1 51
1 19
1 88
1 18
0 27
0 19
0 100
1 42
1 50
1 79
1 99
1 55
0 51
0 79
0 50
1 56
0 42
0 55
0 18
1 24
0 24
0 99
1 74
0 74
1 54
1 15
