1000
1 16
1 29
0 29
0 16
1 82
1 45
0 82
0 45
1 27
1 54
1 95
1 59
1 93
0 59
0 27
1 57
1 65
0 65
1 70
0 95
1 28
0 70
0 28
1 5
1 12
1 55
0 54
1 61
0 12
1 41
0 41
0 57
0 55
0 5
1 3
1 95
1 1
1 47
1 87
1 73
1 34
0 61
1 74
1 81
0 1
1 21
1 49
0 73
1 12
1 100
0 95
0 100
1 19
0 47
0 81
1 53
0 34
0 3
0 19
0 87
1 72
1 42
1 64
0 64
1 99
0 21
0 49
0 42
1 38
0 53
0 74
0 38
0 72
1 13
0 13
1 96
1 68
0 99
0 12
1 14
1 12
1 91
1 55
1 75
1 9
0 91
0 68
0 75
1 72
1 15
1 56
0 15
1 64
0 64
0 93
0 56
1 23
1 18
0 55
0 9
1 48
1 89
1 33
1 19
0 18
1 9
0 96
0 23
0 19
0 48
0 72
0 33
1 90
0 90
0 14
0 89
0 9
1 86
0 86
0 12
1 25
1 22
1 82
1 46
1 20
0 82
1 7
0 46
1 48
1 89
0 22
1 68
0 25
0 89
0 68
1 10
0 10
0 20
1 79
0 48
1 92
1 94
1 51
0 7
1 76
1 2
0 92
0 94
0 79
0 76
1 89
1 53
0 53
1 96
1 28
0 89
0 51
1 71
0 2
0 96
0 71
1 44
1 50
1 29
0 28
1 30
0 30
1 23
1 63
0 63
0 29
1 38
1 77
0 44
1 46
1 100
1 90
1 28
0 90
1 51
1 96
0 23
0 51
0 100
1 72
1 60
1 63
0 72
0 50
0 38
1 64
0 28
1 97
1 17
0 64
1 89
0 17
0 77
0 96
1 34
0 34
1 55
1 39
0 46
1 59
0 89
1 69
1 13
0 69
0 39
1 47
1 100
1 37
0 63
1 42
0 42
1 15
0 97
1 16
1 87
1 6
0 47
1 7
0 59
1 61
1 35
0 87
1 73
1 62
0 16
1 28
0 73
0 35
0 15
1 84
0 84
1 34
0 7
1 63
0 37
0 55
1 33
0 13
1 25
1 81
1 24
1 5
0 63
0 34
0 25
1 19
1 92
0 60
1 89
0 89
1 1
1 27
0 27
1 25
1 44
0 28
1 67
0 25
1 29
0 29
1 7
1 51
0 51
0 44
0 61
0 6
0 19
0 100
0 24
0 1
0 92
1 11
1 100
1 36
1 46
1 8
1 12
0 36
0 67
1 21
1 26
1 30
0 100
0 46
1 80
0 21
1 77
1 22
0 22
0 62
1 16
0 33
1 32
0 8
0 32
1 44
0 16
0 7
1 32
1 75
0 80
1 6
1 78
1 68
1 79
1 52
0 81
0 52
0 32
1 76
0 26
1 23
1 63
1 7
0 11
0 7
1 84
1 43
0 5
0 76
0 30
1 61
1 28
0 12
0 79
0 44
1 12
0 6
1 27
1 93
1 24
1 53
1 55
1 5
1 69
1 45
0 69
1 60
1 86
1 13
1 67
1 4
0 84
0 93
0 86
1 44
1 14
0 5
1 89
0 67
0 12
1 88
0 88
1 22
0 63
1 93
0 28
1 15
0 68
0 93
0 43
0 14
1 38
0 22
1 93
0 93
1 56
0 61
1 18
1 43
1 63
1 33
1 8
1 14
0 77
1 54
1 42
0 27
0 54
1 25
0 8
0 78
0 23
0 56
0 24
1 49
1 77
1 67
0 44
0 25
1 73
0 89
1 92
0 77
1 10
1 93
1 6
0 93
0 15
1 46
0 6
0 38
0 75
1 97
0 42
0 67
1 50
1 7
1 89
0 97
0 45
1 96
0 89
1 80
1 57
0 60
1 45
0 7
1 81
0 46
0 96
0 81
1 19
0 63
0 45
0 50
0 19
0 92
1 89
0 4
1 26
0 57
0 55
1 74
1 55
0 10
1 23
0 74
0 18
0 89
0 14
0 53
1 56
1 63
1 81
1 5
0 63
1 7
0 55
0 5
1 4
1 62
0 33
1 30
1 91
1 84
0 4
0 13
1 31
0 43
1 98
1 65
1 67
0 73
0 56
1 60
0 84
0 26
1 24
0 31
1 86
1 16
0 80
1 45
0 49
0 98
1 75
0 65
0 62
1 18
0 23
1 89
1 15
0 15
0 45
0 75
0 18
0 60
1 25
1 54
1 43
1 50
0 89
1 13
0 16
0 91
1 35
1 97
0 67
1 18
0 18
0 30
0 54
0 24
0 81
0 50
1 39
0 25
1 70
0 7
1 93
0 70
0 43
1 30
0 97
0 86
1 58
0 30
1 16
0 93
1 29
1 74
0 35
0 58
0 74
0 29
0 16
0 39
0 13
1 50
0 50
1 15
0 15
1 12
0 12
1 75
1 61
1 58
1 84
0 58
0 61
0 75
1 46
0 46
0 84
1 2
0 2
1 6
0 6
1 51
0 51
1 62
1 51
0 51
0 62
1 47
0 47
1 25
0 25
1 1
1 69
1 97
0 97
0 69
0 1
1 65
1 26
1 97
0 65
1 20
0 20
0 97
0 26
1 85
1 87
0 87
1 91
1 37
1 6
1 39
1 25
1 54
0 54
0 25
0 6
1 100
0 39
1 62
1 14
1 15
1 26
0 91
0 37
0 15
1 67
1 18
0 67
0 26
0 62
1 48
1 20
1 15
0 20
1 52
1 87
0 87
0 15
0 52
0 100
1 53
1 70
1 3
1 15
1 27
1 74
0 74
0 3
1 100
1 34
0 14
0 34
0 48
1 10
0 15
1 19
1 41
1 99
0 18
0 100
0 85
1 77
0 10
0 41
1 74
0 19
0 53
0 27
1 57
1 6
0 74
0 70
0 77
1 58
1 38
0 58
0 38
0 6
0 99
0 57
1 92
0 92
1 19
0 19
1 56
0 56
1 17
1 14
0 14
0 17
1 9
0 9
1 27
1 69
1 20
1 18
0 27
0 18
0 69
1 72
0 72
1 30
1 10
1 73
1 75
1 74
0 74
1 64
1 52
0 75
0 52
0 20
0 64
0 30
1 24
1 65
1 60
0 10
0 60
0 73
0 65
0 24
1 89
0 89
1 92
1 76
0 92
1 1
1 35
1 2
0 35
0 2
0 76
0 1
1 3
1 23
0 3
1 28
0 28
1 73
1 14
1 22
0 22
1 10
1 39
0 73
1 90
0 90
1 4
1 41
1 90
1 53
0 41
1 79
0 14
1 57
1 86
1 11
1 59
1 5
0 53
1 96
0 90
0 4
0 59
1 74
0 23
1 31
0 39
0 96
0 74
1 58
0 10
1 69
1 28
1 74
1 3
1 20
1 70
0 58
1 26
0 79
0 31
0 3
0 20
0 57
0 28
0 26
0 11
0 69
0 70
0 86
0 5
1 34
0 74
1 46
0 34
0 46
1 97
1 75
1 76
1 92
0 97
1 57
0 75
1 59
0 59
1 34
1 18
0 34
1 27
0 92
0 57
1 15
0 15
1 23
0 18
1 4
1 37
0 4
0 76
0 27
1 28
0 37
0 23
1 24
0 28
1 95
0 24
0 95
1 40
0 40
1 10
0 10
1 42
1 69
0 69
0 42
1 10
0 10
1 95
0 95
1 53
1 24
1 56
1 100
0 53
1 33
0 100
0 24
1 84
1 58
1 69
0 69
1 69
1 14
1 66
0 69
0 56
0 84
0 58
1 11
1 3
0 11
0 3
0 33
1 33
0 66
1 31
1 80
1 59
1 56
1 8
0 14
0 33
1 94
1 1
0 31
0 8
1 76
0 76
0 59
1 20
0 20
1 54
1 90
0 90
1 30
1 73
0 94
1 81
1 19
0 19
1 50
1 88
0 54
1 40
1 14
1 28
0 88
0 40
1 94
0 81
0 14
1 6
1 32
1 49
1 22
0 80
0 22
1 21
0 56
1 84
1 26
0 1
0 21
0 26
1 54
0 50
0 49
0 73
0 30
1 83
0 28
1 24
1 3
0 94
0 54
0 3
1 70
1 43
1 87
0 84
0 70
0 6
0 32
0 87
1 27
0 24
1 7
1 86
0 27
1 91
0 86
0 43
1 32
0 91
0 7
1 9
1 48
0 48
1 50
0 50
0 32
0 83
1 37
1 45
1 54
0 37
1 63
1 62
0 54
1 76
0 45
1 14
0 9
1 8
1 81
0 14
1 23
0 76
0 62
0 81
0 23
0 8
0 63
1 9
0 9
1 33
1 53
1 3
1 56
0 33
0 3
1 87
0 87
0 56
0 53
1 76
1 19
0 19
1 17
0 17
1 34
1 91
0 91
0 34
0 76
1 98
0 98
1 59
0 59
1 92
0 92
1 54
0 54
1 54
1 59
0 59
1 99
0 99
0 54
1 72
1 40
0 72
1 78
1 44
0 78
1 15
1 91
1 72
1 90
0 91
1 59
0 40
1 73
