1000
1 66
1 90
0 66
0 90
1 48
0 48
1 41
1 70
1 37
0 41
0 70
0 37
1 43
1 18
0 18
0 43
1 59
1 98
1 72
0 72
0 98
0 59
1 49
0 49
1 15
0 15
1 5
0 5
1 50
1 84
1 62
0 62
0 50
1 71
0 84
0 71
1 4
1 40
1 65
0 40
0 65
0 4
1 86
1 43
1 16
0 43
0 86
1 38
0 38
0 16
1 77
0 77
1 76
0 76
1 17
1 92
0 92
0 17
1 64
1 28
0 28
0 64
1 21
0 21
1 43
0 43
1 19
1 9
1 78
1 6
0 6
1 85
1 42
0 19
0 78
1 70
0 70
0 9
0 85
1 12
1 95
1 69
0 12
1 65
0 95
1 99
0 69
0 42
1 53
0 65
1 59
1 54
1 10
0 54
0 10
1 88
0 53
0 88
0 59
0 99
1 32
0 32
1 93
1 79
1 40
0 93
1 60
0 60
0 79
0 40
1 59
0 59
1 4
0 4
1 51
0 51
1 21
0 21
1 99
1 85
0 85
0 99
1 96
0 96
1 59
1 92
0 92
0 59
1 38
0 38
1 8
1 58
1 2
1 63
0 8
1 60
1 97
1 90
1 99
0 90
0 60
0 97
1 25
0 58
0 99
0 63
1 99
0 25
0 99
0 2
1 95
0 95
1 14
0 14
1 94
0 94
1 52
0 52
1 16
1 45
1 29
0 45
1 15
0 16
0 15
1 2
1 68
0 68
1 89
1 67
1 39
0 67
1 23
0 89
0 2
0 29
0 23
1 52
1 82
0 39
1 43
0 52
0 82
0 43
1 86
0 86
1 19
1 73
0 73
0 19
1 11
0 11
1 47
0 47
1 72
0 72
1 17
0 17
1 44
1 96
0 44
1 59
0 96
0 59
1 37
0 37
1 15
0 15
1 66
1 83
1 91
0 91
1 41
0 83
0 66
1 70
0 70
0 41
1 42
1 86
0 42
0 86
1 76
1 77
0 76
0 77
1 9
1 100
1 88
1 18
1 59
0 100
0 9
1 67
1 58
0 88
1 94
1 90
1 1
1 87
0 90
1 71
1 32
1 41
1 46
1 74
0 87
1 6
1 69
0 18
1 47
0 46
1 46
1 34
0 58
0 46
1 12
0 69
0 12
0 1
0 94
1 78
0 71
1 75
1 31
1 61
0 41
0 47
0 32
0 78
1 15
1 35
1 69
0 75
0 31
1 94
1 72
0 15
0 72
0 34
1 98
1 53
1 78
1 71
1 40
0 6
0 98
1 10
0 67
1 93
1 63
0 93
1 96
1 54
1 97
1 42
0 96
0 42
0 97
1 97
1 91
1 44
0 44
0 78
0 54
1 31
1 93
0 35
1 81
0 40
0 91
0 94
0 69
1 47
1 2
1 45
0 2
0 74
1 29
0 63
0 31
1 57
1 15
0 47
0 59
1 25
1 35
0 45
0 29
0 10
0 35
1 66
1 30
1 82
1 23
0 15
0 97
1 69
1 55
0 57
1 27
0 71
1 44
0 93
0 53
0 66
0 61
0 30
1 3
1 74
1 6
0 25
0 44
1 54
1 4
1 49
1 89
1 26
1 56
1 79
1 67
1 47
0 23
0 67
1 99
1 80
1 10
1 28
1 92
1 12
0 28
1 40
1 28
0 55
1 11
1 35
1 90
1 34
0 89
1 22
0 56
1 86
0 26
0 12
1 59
1 78
1 68
1 44
0 3
1 58
1 70
0 86
1 72
0 80
1 95
1 45
1 65
1 23
0 34
0 79
1 34
0 6
0 78
0 28
0 47
1 60
0 22
1 46
1 1
0 23
1 52
1 83
1 84
0 35
0 49
0 83
0 45
1 89
1 24
0 52
1 61
0 89
1 71
1 30
0 59
0 4
1 86
0 30
0 10
0 54
0 24
0 72
0 86
0 69
0 82
1 59
0 27
1 50
1 51
1 87
0 51
1 29
1 19
1 79
1 27
1 10
0 29
0 74
0 50
0 95
1 45
0 19
0 81
0 68
1 94
0 34
0 46
1 62
1 2
1 97
0 40
1 63
1 80
0 61
1 88
0 90
1 75
0 58
0 63
0 99
0 10
0 94
1 37
1 38
1 90
1 72
0 72
0 62
1 64
1 28
0 71
0 37
0 79
1 23
0 90
1 40
0 84
0 40
1 95
0 2
1 61
0 75
1 24
0 88
1 85
0 44
0 95
1 71
0 70
0 38
0 87
1 86
0 28
0 27
0 80
1 49
0 71
1 18
1 41
1 78
1 87
0 60
0 65
1 14
0 87
0 11
1 55
1 53
1 73
0 1
1 27
0 18
0 45
0 73
1 93
1 69
0 92
0 93
1 29
0 27
1 57
1 1
1 93
0 64
0 14
1 60
0 78
0 41
1 34
0 53
0 57
1 83
0 55
1 25
0 97
1 100
1 39
0 93
1 51
1 9
1 43
0 69
1 78
0 59
1 5
0 100
1 26
1 32
1 33
0 24
1 62
0 86
1 2
0 25
0 34
0 26
1 30
0 29
1 4
1 68
0 5
1 13
1 42
0 83
1 58
0 33
1 79
0 62
0 79
1 67
0 2
1 91
1 79
1 62
0 91
1 65
0 65
1 14
0 78
0 85
0 14
0 68
0 39
0 60
0 9
0 58
1 18
0 4
0 18
0 13
0 32
1 77
0 62
1 92
1 52
0 77
1 44
0 52
0 51
0 23
1 96
1 97
1 68
1 20
1 60
1 82
0 82
1 10
1 99
1 64
1 37
1 17
1 70
0 99
0 96
0 68
0 61
0 20
1 84
1 51
0 67
1 50
0 79
1 39
1 18
0 50
0 92
1 9
0 60
1 88
0 39
0 1
0 43
1 25
1 59
1 71
1 76
1 72
1 5
1 11
0 51
1 19
0 42
0 19
0 76
0 25
0 5
1 99
1 28
1 61
0 28
0 30
1 3
0 72
0 11
0 99
0 61
1 81
1 27
1 28
0 59
1 19
1 1
1 99
1 2
1 45
0 45
0 99
0 2
0 44
1 56
1 63
0 17
0 88
0 18
0 1
1 94
0 70
0 37
0 97
1 30
0 49
0 94
0 30
1 42
1 11
1 72
0 42
1 78
1 29
0 29
0 19
1 79
1 26
1 85
1 37
1 29
0 79
0 26
1 92
0 85
1 14
1 68
1 88
0 78
0 92
0 56
1 18
0 81
0 28
0 88
0 9
1 73
1 55
1 19
1 100
0 64
1 49
0 72
1 35
1 62
1 93
0 55
1 25
0 3
0 84
1 28
0 100
1 83
1 9
0 71
0 11
1 59
0 19
1 41
1 61
0 27
0 35
1 99
1 16
0 18
1 84
0 84
0 29
0 14
0 25
1 29
1 27
1 70
0 37
0 49
0 10
0 9
1 60
0 60
1 60
0 93
1 23
1 79
0 62
1 57
0 59
1 78
1 17
1 11
0 61
0 78
0 60
0 57
1 18
1 33
0 11
0 99
0 68
1 46
1 19
0 70
0 73
0 79
1 81
1 30
1 20
1 21
0 29
0 30
1 95
0 20
1 4
0 27
1 84
1 70
1 30
0 17
1 76
1 68
1 13
1 31
0 28
0 31
1 69
1 82
0 81
1 81
0 41
0 21
0 46
1 96
1 60
1 17
1 32
0 17
0 76
0 84
1 50
0 4
0 32
1 8
0 30
1 45
1 84
0 60
1 80
0 80
1 27
1 3
0 23
0 81
1 62
0 96
0 83
0 69
0 63
0 70
1 52
1 88
1 43
1 98
0 50
0 13
0 18
0 95
1 70
0 52
1 97
0 88
0 45
1 71
0 33
0 43
1 99
1 26
1 95
1 23
0 26
1 74
0 74
1 1
1 53
1 58
1 92
1 54
0 1
1 17
0 71
1 6
1 83
0 23
0 82
0 83
0 19
1 51
1 93
0 16
0 8
0 3
1 74
1 13
1 77
1 37
0 13
0 68
0 99
0 58
0 77
0 98
0 62
0 74
1 26
1 55
1 43
0 70
0 54
0 53
0 51
0 93
0 92
0 37
1 28
1 37
1 51
0 6
1 72
0 27
0 72
0 17
0 26
1 71
0 37
0 51
0 71
1 85
0 85
0 97
0 28
1 32
0 32
1 79
1 25
0 79
0 84
0 43
0 25
0 95
0 55
1 65
1 95
0 95
1 86
1 67
1 17
1 82
0 67
1 92
0 65
0 86
0 17
0 92
1 97
0 82
0 97
1 14
0 14
1 25
0 25
1 27
0 27
1 59
1 54
0 59
0 54
1 78
1 52
0 52
1 81
1 24
0 81
1 7
0 24
0 7
0 78
1 51
1 44
0 44
1 46
1 8
1 99
1 52
1 34
0 51
1 80
0 80
1 84
0 34
1 14
0 46
1 36
1 53
1 83
1 65
0 8
1 39
1 26
1 13
1 37
0 26
0 84
0 53
0 83
0 13
1 38
