1000
1 91
1 57
0 91
0 57
1 88
0 88
1 32
1 17
0 17
0 32
1 66
1 63
1 95
1 81
0 66
1 17
1 6
1 72
1 2
1 80
0 63
0 72
0 6
1 49
1 39
1 82
0 95
1 18
1 50
1 36
0 80
0 49
1 29
0 82
1 33
0 50
1 37
0 17
1 70
0 2
0 37
0 81
1 11
1 84
0 18
1 20
1 73
1 90
1 42
0 90
1 92
1 24
0 39
0 36
0 92
0 73
1 85
0 33
0 11
0 20
0 29
1 19
1 44
0 24
0 85
0 42
1 89
0 19
0 89
0 84
1 20
1 9
0 44
1 33
1 83
0 20
0 83
0 33
0 70
1 53
0 53
0 9
1 4
0 4
1 86
0 86
1 88
1 82
0 82
1 37
0 88
0 37
1 84
1 9
0 84
0 9
1 91
1 74
1 62
1 55
0 62
0 74
1 1
0 55
1 29
0 1
1 45
1 72
1 76
1 4
0 4
0 91
0 29
0 45
1 4
0 72
0 76
1 26
0 4
1 64
1 91
1 59
0 26
1 34
1 51
0 51
1 30
0 30
0 59
0 91
1 88
0 34
1 12
0 12
0 88
1 33
0 64
1 32
1 73
1 74
0 74
1 23
0 73
1 21
0 33
0 32
0 21
1 81
0 23
0 81
1 65
1 6
1 7
0 65
0 6
1 87
0 7
1 100
1 86
0 87
0 100
0 86
1 66
1 10
1 40
1 43
1 65
1 35
0 65
0 40
0 43
0 10
1 14
1 63
0 35
1 16
1 11
1 42
1 57
1 55
0 14
1 74
0 57
1 20
1 68
1 36
0 66
0 42
0 68
1 34
0 34
1 23
1 77
1 71
1 43
0 20
1 97
0 97
1 95
1 12
1 27
0 11
1 86
1 46
1 81
0 36
0 16
0 55
0 23
1 28
1 11
0 81
0 46
0 95
1 33
0 28
0 27
1 78
0 33
1 48
0 48
0 71
1 62
0 43
1 58
1 55
1 17
1 94
1 80
1 46
1 98
1 60
1 81
1 48
1 27
1 9
1 35
1 90
0 9
1 65
1 66
0 60
0 17
0 58
0 74
1 76
1 7
1 8
0 63
0 7
0 12
0 98
1 67
0 94
0 90
0 27
0 55
0 81
1 98
0 62
1 9
0 77
0 98
0 76
1 20
1 26
0 78
0 46
1 45
1 1
0 67
0 26
0 86
1 91
1 73
1 64
0 20
0 35
0 9
1 41
0 66
1 59
1 12
0 45
1 37
1 21
0 8
0 1
0 73
1 97
0 91
1 73
0 12
1 32
1 54
1 14
0 80
0 73
0 21
1 74
1 93
1 58
1 12
0 59
0 48
0 64
1 92
0 11
0 54
0 92
0 32
1 71
0 93
0 41
1 15
1 1
1 22
0 15
1 93
1 55
1 90
1 20
0 1
0 71
1 47
1 4
1 76
0 74
1 100
0 47
0 37
0 12
0 76
0 58
1 6
0 97
1 96
1 94
0 14
0 90
0 20
0 65
1 75
1 95
1 13
1 80
1 23
1 34
0 6
0 22
1 65
1 24
1 57
1 63
0 13
0 34
0 65
1 47
0 96
1 16
1 17
0 17
0 47
1 59
0 94
1 5
1 17
0 59
0 23
0 24
0 5
1 86
1 36
1 62
1 65
0 62
1 81
0 75
0 93
1 85
1 59
0 86
1 64
1 60
0 16
1 35
1 99
0 59
0 55
1 78
1 66
1 40
0 65
1 32
0 63
0 85
0 57
1 5
1 57
0 81
0 66
1 81
0 60
0 80
0 95
0 35
1 15
1 1
0 32
0 36
0 40
0 1
1 35
0 35
0 5
1 1
0 15
0 100
0 57
1 98
0 64
0 81
0 78
1 25
0 17
0 98
0 1
0 99
0 4
0 25
1 5
1 94
0 94
0 5
1 100
1 62
1 68
0 62
0 100
1 56
1 26
1 54
0 26
0 68
0 56
1 8
1 64
0 54
1 51
0 8
0 51
1 79
1 70
0 70
1 14
1 21
1 69
1 55
1 30
0 55
0 64
1 72
1 20
1 10
1 85
0 79
0 72
1 98
1 5
0 21
1 42
1 22
0 5
0 20
0 30
1 72
0 69
0 10
1 79
1 56
0 42
0 72
0 85
0 56
1 90
0 22
0 79
1 61
1 36
0 36
1 42
0 14
1 19
0 42
1 41
1 100
0 100
0 61
0 19
1 73
0 73
1 63
0 41
1 9
0 98
1 92
0 90
1 100
0 9
0 63
1 59
0 100
0 92
0 59
1 49
0 49
1 76
1 36
1 59
0 36
1 90
0 90
0 76
1 33
0 59
1 1
0 1
0 33
1 38
1 52
1 84
1 53
1 9
1 91
0 91
1 3
0 84
0 52
1 4
1 85
1 50
0 50
1 61
1 10
1 54
1 47
0 53
0 9
0 85
1 33
1 66
0 4
0 66
0 61
0 54
0 10
0 3
0 38
0 33
1 60
1 58
0 60
1 3
0 47
1 10
1 64
1 100
1 83
1 90
1 91
1 86
0 90
1 20
0 100
0 86
1 55
1 27
0 64
1 92
0 92
1 15
1 25
0 15
1 11
0 10
1 74
1 26
1 32
1 87
1 56
1 68
0 3
1 12
0 32
1 2
1 30
0 27
1 63
1 69
0 58
0 26
1 64
1 98
0 69
0 83
1 19
1 8
0 74
0 64
0 68
1 57
1 32
0 20
1 16
0 87
1 9
1 93
0 93
0 19
1 21
0 98
1 98
1 22
0 91
1 71
1 60
1 52
1 23
1 96
1 84
0 16
1 86
0 56
0 32
0 30
1 43
0 63
1 61
0 11
1 77
1 24
0 12
1 85
0 23
0 22
0 85
0 98
1 14
0 8
0 9
1 22
1 5
0 61
1 28
1 15
1 50
0 84
0 50
1 29
0 21
0 25
1 53
0 86
0 5
1 12
0 12
0 52
0 96
0 15
1 61
1 46
1 50
1 17
1 86
1 18
0 14
1 21
1 26
0 43
1 30
1 64
0 71
1 16
0 50
1 39
1 23
0 77
0 18
1 95
1 31
1 98
1 84
0 55
1 13
0 29
0 26
1 82
1 7
0 61
0 64
1 79
0 84
1 32
1 8
0 21
1 14
0 14
1 65
1 5
0 79
1 47
1 62
0 47
0 57
0 32
1 87
0 46
1 45
0 30
1 58
0 82
0 65
0 86
0 5
0 60
1 9
0 23
0 45
1 35
0 22
1 96
0 53
0 7
1 34
1 38
1 90
0 98
0 95
0 16
1 10
0 58
1 57
1 53
1 25
1 1
0 39
0 8
0 10
1 27
0 87
1 87
0 53
0 57
1 98
0 90
1 43
0 87
1 56
0 17
0 56
0 96
1 8
1 83
1 39
1 64
0 25
0 9
0 31
0 2
0 13
1 77
0 24
0 34
1 82
0 62
0 98
0 28
0 27
0 35
1 54
1 56
0 38
0 39
1 51
1 71
0 71
0 8
1 80
0 82
0 54
0 51
0 43
1 51
1 16
0 1
1 42
0 51
1 92
1 82
0 64
1 79
1 51
1 30
1 41
0 42
1 84
1 78
0 30
0 77
0 41
1 44
0 80
0 83
1 23
0 79
1 5
1 59
0 23
0 84
1 81
1 40
0 51
0 78
0 5
0 81
0 59
0 40
1 61
1 38
0 44
0 16
1 84
1 83
0 83
1 9
1 28
1 34
0 84
0 28
1 16
1 15
1 93
1 62
1 75
1 65
1 21
1 41
1 63
1 39
0 82
0 56
1 42
0 15
1 66
0 38
1 80
1 57
0 65
1 90
1 13
0 9
0 93
1 5
0 80
1 43
1 6
1 44
0 61
0 43
0 57
0 41
1 74
0 21
1 73
1 48
1 21
0 34
1 2
1 22
1 60
1 24
0 92
0 24
0 6
1 64
1 3
1 79
1 7
1 71
1 14
1 25
1 10
1 24
1 19
1 31
0 5
1 76
0 7
0 66
0 19
1 20
1 36
0 74
0 76
0 48
0 2
1 93
1 57
1 80
0 13
0 63
1 29
1 35
1 40
0 10
0 44
0 75
1 41
1 46
0 73
0 42
0 39
1 82
0 21
0 57
0 79
1 75
0 64
1 4
1 54
1 33
1 49
1 30
0 35
1 84
0 25
1 94
0 84
1 34
0 75
1 61
1 5
0 31
0 22
0 54
0 34
1 76
0 62
1 15
1 25
0 24
0 40
1 48
0 82
0 36
0 48
1 69
1 52
0 30
0 14
0 5
1 31
1 34
0 41
1 54
1 47
1 26
1 11
0 33
1 74
0 20
1 64
1 89
0 25
0 64
1 28
1 91
0 89
1 25
1 67
0 94
1 100
0 69
0 54
0 11
1 30
1 10
0 10
1 11
0 34
1 13
0 31
1 65
0 30
1 43
1 89
1 54
0 28
0 76
1 28
