1000
1 23
1 24
0 24
1 63
1 81
1 95
1 57
1 64
1 21
1 56
0 81
1 37
1 86
0 37
0 64
0 57
0 86
0 63
1 80
1 97
0 95
0 80
1 30
1 85
1 19
1 47
1 84
0 47
1 27
1 99
1 11
1 48
1 76
0 23
0 85
1 3
1 79
1 70
0 48
0 99
0 19
1 66
0 76
0 97
1 4
1 49
0 4
0 30
0 66
0 56
0 70
0 84
0 49
1 4
0 21
0 11
0 27
1 97
0 79
0 97
1 25
1 74
1 99
0 4
0 25
1 41
0 74
0 3
0 41
0 99
1 42
0 42
1 42
0 42
1 49
1 25
1 2
0 25
1 50
0 49
0 50
0 2
1 4
1 14
1 38
0 38
1 89
0 4
0 14
0 89
1 48
1 94
1 45
0 94
1 89
0 45
1 22
1 66
1 83
1 23
1 99
1 49
0 48
1 75
1 57
0 49
0 66
1 66
1 56
1 27
1 61
0 83
1 98
0 27
1 90
0 75
1 72
0 23
0 98
0 90
0 89
0 56
1 62
0 22
1 56
1 92
0 56
0 92
1 47
0 61
0 47
0 72
0 66
1 51
1 83
1 76
0 62
0 83
1 88
1 56
1 29
0 51
1 100
1 55
1 6
0 29
0 57
0 99
0 88
0 56
1 92
0 55
0 6
1 11
0 11
0 76
0 92
1 3
0 3
1 70
1 56
0 100
1 55
1 91
0 70
0 91
0 55
0 56
1 98
0 98
1 4
0 4
1 2
0 2
1 17
0 17
1 99
1 45
1 81
1 80
1 14
0 45
0 81
0 14
0 80
1 46
1 84
1 51
0 99
0 46
0 84
0 51
1 86
0 86
1 91
0 91
1 85
1 6
0 85
0 6
1 29
1 10
0 29
1 55
0 55
0 10
1 73
1 26
0 26
1 57
1 63
0 57
0 73
1 20
1 12
1 1
1 91
0 91
0 12
1 19
0 19
0 20
0 63
0 1
1 82
0 82
1 96
0 96
1 55
1 26
1 74
0 55
0 74
1 100
0 100
1 89
0 26
0 89
1 91
1 35
1 83
1 60
1 63
0 35
1 54
0 91
1 99
1 75
1 23
0 60
0 54
1 38
0 83
1 5
0 23
0 75
1 74
0 99
1 43
1 60
0 74
1 6
1 91
1 35
1 56
1 96
0 60
1 95
1 1
0 35
0 95
0 43
1 4
1 26
1 86
1 18
0 18
0 1
0 4
1 66
0 66
0 63
1 28
1 14
1 52
0 28
1 23
1 39
1 48
1 25
0 25
1 2
0 6
0 2
0 14
1 65
0 26
1 50
1 17
1 24
0 39
0 23
1 18
1 10
0 18
1 47
0 52
0 48
1 39
1 6
1 33
1 89
1 49
1 75
1 7
0 86
1 19
0 49
0 96
1 32
0 32
0 17
0 10
1 82
0 6
0 7
1 16
0 16
0 19
1 61
1 64
1 34
0 75
1 41
0 61
0 56
1 93
0 33
0 41
0 47
1 42
0 89
0 34
0 50
1 36
0 64
1 89
0 24
0 82
0 93
1 93
0 89
0 39
1 39
0 42
0 39
1 8
0 5
1 71
0 71
0 8
0 91
1 15
0 36
1 56
1 72
0 65
1 4
0 15
1 59
1 14
1 84
1 74
1 41
1 54
0 38
1 78
0 14
1 45
0 78
0 93
0 59
1 42
1 95
0 84
1 47
0 74
0 95
1 64
0 4
1 12
1 67
1 91
0 67
1 13
1 53
0 42
0 72
0 13
0 45
1 33
1 52
0 12
1 2
0 64
1 63
0 63
0 33
0 54
0 91
0 52
1 66
1 13
1 94
1 52
0 94
1 99
1 7
0 66
0 53
0 13
1 86
0 52
0 47
1 95
1 31
1 100
0 95
1 45
1 76
1 75
1 33
1 88
0 75
1 81
0 56
0 86
0 2
0 45
1 1
1 87
0 99
1 8
1 34
0 34
0 81
1 18
1 98
0 31
0 87
1 2
0 18
0 41
1 25
0 25
0 76
1 27
1 36
1 75
0 1
1 85
1 14
0 98
1 12
1 11
0 85
1 68
0 68
1 16
0 2
0 11
1 89
1 63
0 88
0 27
1 37
1 93
1 76
1 9
0 76
0 63
0 14
1 94
0 37
0 8
0 94
1 86
0 86
1 13
1 76
1 5
1 87
0 9
1 17
0 75
0 87
1 38
0 36
0 89
1 49
1 34
0 76
0 93
1 64
1 18
1 50
0 12
0 18
1 69
0 49
1 41
0 5
1 78
1 70
0 64
0 34
1 71
0 17
0 71
0 50
1 42
0 13
0 41
0 16
0 42
1 29
0 29
1 57
0 78
0 57
0 70
0 100
0 69
0 7
0 33
1 76
0 38
1 99
1 40
1 62
0 40
1 75
1 46
0 76
1 32
1 3
0 46
0 62
1 55
0 55
0 75
0 32
1 91
1 64
0 99
0 64
0 91
1 23
0 3
1 86
1 79
0 86
0 79
1 26
0 23
0 26
1 60
1 61
1 83
1 5
1 1
1 84
1 94
0 60
1 25
0 83
0 25
0 1
1 81
1 79
0 79
0 61
0 5
1 88
1 39
1 59
1 22
1 1
1 3
1 56
0 88
1 36
0 39
1 8
1 6
1 91
1 15
1 86
1 19
0 94
1 89
0 86
0 3
1 52
0 84
1 67
0 19
0 36
1 55
0 1
1 4
0 81
0 91
0 8
0 4
1 5
0 22
0 6
0 56
0 55
0 52
0 15
0 67
1 22
0 5
0 22
1 30
1 31
0 30
1 64
1 52
0 89
0 31
0 64
0 59
0 52
1 45
0 45
1 50
0 50
1 41
1 71
1 79
0 41
0 71
1 77
1 56
0 77
0 79
0 56
1 49
0 49
1 34
1 62
0 34
0 62
1 45
1 52
0 45
1 95
1 28
0 95
0 28
1 99
1 12
0 12
1 61
0 61
1 66
1 32
0 32
0 99
1 80
1 35
1 62
1 93
1 18
1 95
0 80
1 64
1 30
0 64
0 93
0 30
1 83
0 83
0 52
1 13
0 35
1 55
1 77
1 93
0 95
1 84
1 46
0 55
1 45
0 66
0 93
0 84
0 62
1 69
0 46
0 69
1 76
0 18
1 52
0 77
0 45
0 76
1 68
1 72
0 72
1 54
0 52
1 36
1 64
1 38
0 54
0 13
0 64
1 3
1 55
1 69
1 96
0 3
0 55
1 70
1 52
0 70
0 69
1 54
0 36
0 54
1 1
0 68
0 38
1 17
1 55
0 55
1 45
1 37
1 48
0 45
1 57
0 57
0 52
1 38
1 99
0 99
0 48
0 38
0 17
0 1
0 37
0 96
1 78
0 78
1 2
0 2
1 77
0 77
1 72
0 72
1 44
1 18
0 18
1 65
0 65
0 44
1 41
0 41
1 40
0 40
1 24
1 14
1 58
1 97
0 24
0 58
0 97
1 42
1 85
1 71
1 67
0 67
0 14
0 71
0 85
1 25
0 42
1 75
1 73
0 25
0 75
0 73
1 66
0 66
1 33
1 2
1 42
1 61
1 48
0 2
0 33
0 48
0 42
0 61
1 17
0 17
1 99
1 44
1 45
1 80
0 80
0 45
1 8
0 99
0 44
1 94
0 94
0 8
1 93
1 18
0 18
0 93
1 25
1 92
0 25
0 92
1 85
1 54
1 32
1 86
1 26
1 91
1 38
0 32
1 10
1 28
1 29
0 29
0 54
0 85
0 86
1 36
1 83
0 83
0 91
0 38
1 18
0 18
0 10
0 36
0 26
0 28
1 4
0 4
1 31
1 17
0 17
1 55
0 31
1 6
1 75
0 6
0 55
1 53
1 26
1 67
0 26
0 75
1 26
0 53
0 67
0 26
1 80
1 78
0 78
0 80
1 78
1 95
1 19
0 78
1 80
0 19
1 54
0 80
0 95
0 54
1 84
0 84
1 54
0 54
1 81
0 81
1 44
1 31
0 31
1 61
1 95
1 62
0 62
1 10
1 82
0 10
1 21
0 21
1 39
0 39
0 44
1 26
1 19
1 30
0 61
0 30
1 15
0 26
0 82
0 15
1 71
1 3
1 65
1 52
0 71
1 87
0 19
1 34
1 22
0 3
0 95
0 52
1 75
0 22
0 34
0 65
1 62
0 87
0 75
0 62
1 54
0 54
1 32
1 55
0 32
0 55
1 75
1 46
0 75
0 46
1 97
0 97
1 98
0 98
1 31
1 95
0 31
0 95
1 77
1 81
1 75
0 75
0 77
1 96
1 69
0 69
0 81
0 96
1 36
0 36
1 21
0 21
1 25
1 72
1 35
0 25
0 35
1 17
1 64
1 20
1 65
0 20
0 72
1 80
0 80
0 17
0 65
0 64
1 25
0 25
1 84
1 72
1 11
1 32
1 75
0 75
1 21
1 37
1 79
0 79
