1000
1 37
1 56
0 37
0 56
1 44
1 83
1 84
1 39
1 11
0 44
1 34
1 75
1 14
1 49
0 49
1 61
1 88
0 84
1 4
1 67
1 81
1 36
1 7
0 61
0 88
1 89
0 75
1 6
0 39
0 36
1 91
0 11
1 99
1 9
1 44
0 83
0 7
0 67
1 98
1 100
0 98
1 84
1 62
1 90
1 93
1 1
1 63
0 100
0 14
0 99
0 4
1 45
0 44
0 6
0 84
1 78
0 81
1 84
1 96
1 6
0 84
1 44
0 62
1 53
1 25
0 96
1 58
1 74
1 10
1 51
0 25
0 89
1 79
0 10
1 22
1 46
1 97
1 19
1 10
1 69
1 64
0 79
0 19
1 39
1 92
0 46
1 28
1 3
0 44
1 52
1 12
0 91
1 54
0 28
1 11
0 69
1 33
0 97
1 36
0 45
0 92
0 53
1 13
1 82
1 60
1 25
1 53
1 24
1 85
0 33
0 36
1 19
1 55
1 65
0 34
0 52
0 74
0 13
0 82
0 3
1 23
1 33
1 68
0 58
1 66
1 42
1 69
0 9
1 98
0 69
1 67
1 37
0 37
0 53
1 70
1 69
0 78
1 84
1 71
1 43
1 38
1 40
0 40
1 94
1 17
0 24
1 91
0 84
0 71
0 22
1 8
1 40
0 98
1 7
1 34
1 77
1 71
0 34
1 100
1 72
0 10
0 91
0 94
0 55
0 19
0 17
1 58
1 44
1 56
0 39
1 47
1 26
1 99
1 18
0 7
1 87
0 40
1 55
1 37
1 73
1 31
1 82
1 22
1 9
1 79
0 43
1 52
0 85
1 5
1 34
1 57
0 38
1 59
1 48
0 37
0 87
0 12
1 14
1 53
0 56
0 59
1 32
1 56
1 43
1 95
0 8
1 45
1 35
1 91
1 36
1 87
1 74
1 75
0 11
1 49
1 80
1 20
1 98
0 73
0 9
0 69
0 91
0 31
0 42
0 36
1 96
1 12
1 17
0 71
1 71
1 38
1 27
0 45
1 30
1 69
0 52
1 61
1 73
0 56
1 19
0 18
0 68
1 59
1 62
0 58
0 54
1 54
0 27
0 87
0 22
0 95
0 96
1 83
1 45
0 49
1 2
1 56
1 36
1 84
0 55
0 64
1 58
0 90
0 70
0 43
0 56
0 98
1 4
0 65
0 66
1 50
0 71
0 32
1 64
1 41
1 96
0 45
1 29
1 32
1 86
0 79
0 30
1 71
1 70
1 85
1 43
1 27
1 49
1 42
0 73
1 94
0 47
0 70
1 37
0 23
1 76
1 78
0 2
1 73
1 65
0 26
0 36
1 79
1 91
0 62
0 27
1 55
1 90
0 76
0 50
0 54
1 81
0 6
1 18
0 93
1 23
1 87
1 22
1 10
1 88
1 76
1 89
1 92
1 93
1 26
0 41
1 45
0 89
1 89
0 32
1 95
1 97
1 66
0 61
1 61
1 21
1 98
0 58
0 90
0 17
0 73
1 24
0 95
1 50
1 27
0 99
0 81
1 62
0 33
1 95
0 23
0 78
1 73
0 83
1 99
0 1
1 30
0 34
1 13
1 90
1 11
0 71
1 31
1 56
1 6
1 32
0 32
0 21
0 84
0 67
0 31
0 74
0 65
0 61
0 29
0 18
0 91
0 59
1 81
0 53
0 22
0 73
1 78
1 67
1 83
0 83
0 63
0 82
1 61
0 38
0 76
0 61
0 86
0 60
1 46
1 82
1 1
1 2
0 100
0 96
1 18
0 93
1 47
1 83
1 52
1 15
0 85
1 28
1 53
1 58
0 45
0 89
0 90
1 36
1 29
0 42
0 69
0 62
0 56
0 5
1 3
1 54
1 7
1 23
0 54
0 81
1 34
0 88
0 34
0 52
0 78
0 24
1 70
1 100
0 83
1 8
0 13
0 18
1 60
1 42
0 70
1 38
1 52
0 58
1 33
0 66
1 54
0 2
1 56
1 83
0 98
1 70
1 58
1 31
1 74
1 2
0 31
1 59
1 61
1 71
1 62
1 93
1 96
1 41
1 73
0 20
0 87
1 98
0 79
0 14
1 63
0 92
1 17
1 69
0 26
0 95
1 78
1 39
1 68
0 41
0 69
0 39
1 81
0 53
0 58
0 94
1 53
0 49
0 1
0 47
0 73
0 50
1 5
1 90
1 65
1 79
1 73
1 1
1 84
1 91
0 71
0 57
0 64
0 91
1 39
1 91
0 70
1 76
0 80
0 63
0 17
0 67
1 13
0 52
0 36
1 22
0 3
0 39
1 20
1 21
0 46
0 11
0 91
0 29
1 80
0 13
0 53
0 30
1 91
0 77
0 76
1 32
1 52
0 84
0 56
0 51
1 3
1 29
0 59
0 80
0 19
0 22
1 95
1 9
1 66
0 32
1 63
1 58
1 69
0 7
0 27
0 25
0 95
0 35
1 80
0 9
1 70
0 81
0 42
0 29
1 46
1 7
0 4
0 83
1 64
0 38
1 81
1 92
1 45
1 49
1 67
0 80
0 69
1 35
0 46
1 34
0 74
1 11
0 92
1 50
0 48
1 80
1 16
0 10
1 69
1 59
0 65
0 99
0 8
1 4
1 9
1 65
0 2
1 71
0 71
1 71
0 6
1 40
0 67
1 99
0 82
1 88
0 59
1 2
1 17
0 61
0 73
0 64
0 7
0 66
1 39
1 10
1 7
0 15
0 52
0 43
1 73
1 46
0 34
0 7
1 82
1 92
1 26
1 57
0 69
0 71
1 76
1 83
1 13
0 5
1 67
1 84
0 28
0 76
0 72
1 74
1 76
1 22
1 69
0 45
0 17
1 30
1 38
1 25
1 43
1 56
0 90
0 9
1 24
1 61
1 94
1 27
0 79
1 95
1 85
1 5
1 86
1 6
1 45
0 33
1 77
0 94
0 80
0 35
1 59
1 79
1 7
1 17
0 6
1 6
1 15
0 68
1 64
0 39
0 22
0 11
1 28
1 87
1 51
0 7
0 93
1 80
0 20
1 47
0 69
1 32
0 75
0 63
0 88
0 27
0 26
0 44
0 92
0 98
1 35
1 68
1 44
0 6
1 63
0 67
1 92
1 52
1 6
0 5
1 66
0 86
0 59
1 93
1 39
0 99
0 13
1 86
1 59
1 31
0 39
0 91
0 23
1 41
0 12
1 88
1 89
1 67
1 90
1 98
0 86
0 38
1 36
1 75
0 45
1 69
0 16
0 3
0 88
0 58
1 33
0 40
0 100
1 91
0 98
0 65
1 5
1 22
1 19
1 14
0 43
0 51
0 59
0 35
0 15
0 66
0 90
1 51
0 1
0 60
0 32
1 15
1 94
0 2
1 98
0 75
0 50
1 65
1 2
1 99
0 84
0 57
0 5
1 86
0 80
0 28
0 56
0 99
0 19
1 58
0 78
0 24
1 90
0 95
1 95
0 14
0 44
1 99
0 52
1 18
1 26
1 42
0 65
0 54
1 100
0 18
0 4
0 10
1 18
1 27
0 91
1 54
0 64
0 36
1 88
1 75
0 75
0 99
0 93
1 71
1 64
1 20
1 38
1 9
0 9
0 38
0 73
1 9
1 91
1 38
1 72
0 27
1 48
0 15
0 61
1 27
0 48
1 65
1 73
0 55
0 20
1 5
0 21
0 81
0 90
0 98
0 33
0 70
0 100
0 18
0 27
1 7
1 35
0 2
0 85
1 4
1 98
1 66
0 38
1 8
1 10
1 90
0 68
0 87
1 48
0 91
0 83
1 38
1 34
0 73
0 94
0 79
0 25
0 48
1 73
0 76
0 63
1 11
1 24
0 72
1 83
0 97
1 18
0 62
0 46
0 5
1 19
0 83
1 12
1 39
1 14
1 25
1 43
1 56
0 58
0 47
1 40
0 41
0 37
0 71
0 6
0 96
1 6
0 8
0 42
1 50
1 32
1 33
0 92
0 7
0 32
0 4
0 12
1 47
0 95
1 41
0 43
0 50
0 38
0 34
1 21
0 86
0 21
1 75
0 25
1 76
0 26
0 41
0 64
1 99
1 68
1 29
0 65
0 88
1 4
1 81
1 37
0 6
1 23
0 39
0 18
1 61
0 30
1 88
1 16
0 40
0 89
0 14
1 92
0 23
1 41
1 27
1 25
1 85
1 13
0 75
0 24
1 12
1 18
0 35
0 17
1 100
0 98
0 22
0 74
0 77
1 42
0 100
0 56
0 47
0 66
1 7
1 43
1 46
0 68
1 28
0 85
1 45
1 38
1 63
1 72
1 44
0 44
1 64
0 37
1 36
1 30
0 67
1 44
0 28
1 75
0 29
1 20
1 21
0 63
1 79
0 44
0 9
1 32
1 14
0 75
0 12
1 85
0 85
1 50
1 94
1 95
0 14
0 50
1 100
1 14
0 76
1 6
0 92
1 17
1 91
