1000
1 15
0 15
1 66
1 95
1 51
1 89
1 27
1 32
0 32
0 27
1 8
0 51
0 89
0 8
1 21
1 38
0 38
0 21
0 66
1 63
1 39
0 39
0 95
0 63
1 52
1 39
1 32
1 56
0 56
0 39
0 52
0 32
1 31
1 64
0 64
0 31
1 24
0 24
1 23
0 23
1 73
0 73
1 69
1 98
0 69
0 98
1 87
0 87
1 64
0 64
1 6
1 60
0 60
1 48
1 1
1 99
0 48
0 99
1 72
1 41
0 1
0 72
1 89
1 90
0 6
1 9
0 90
1 88
1 98
1 43
0 41
1 4
0 88
0 4
1 51
1 81
1 48
0 9
1 66
1 61
0 43
1 11
0 98
1 12
0 12
0 48
1 49
1 68
1 20
0 49
1 38
0 68
1 52
0 38
1 65
0 66
0 81
0 52
1 74
0 20
1 45
1 34
0 51
1 23
0 61
0 23
1 60
0 89
1 66
0 11
1 83
1 81
1 21
1 88
0 45
1 31
0 31
0 81
1 3
1 84
0 21
0 83
1 27
1 99
1 81
1 86
0 84
0 27
1 63
0 99
1 94
1 4
0 63
1 25
0 88
0 25
0 3
1 39
0 34
0 74
0 65
0 94
0 4
0 66
1 2
0 81
1 19
0 19
1 18
0 18
0 39
0 60
0 2
1 30
0 86
1 51
1 35
0 35
1 63
1 64
1 74
1 99
0 64
1 48
1 79
1 1
1 94
1 88
0 30
1 80
0 79
1 100
0 63
0 100
1 81
0 80
0 99
0 81
0 51
1 34
0 34
0 94
0 1
0 48
0 88
0 74
1 54
1 47
1 67
1 97
1 68
1 99
0 97
1 98
0 68
0 47
1 75
1 17
1 83
0 67
0 54
1 58
0 75
1 55
0 55
1 35
0 35
1 2
1 3
1 100
0 83
1 60
0 99
0 3
1 86
1 99
1 45
1 1
0 2
0 98
1 51
1 74
1 54
1 59
1 57
1 16
1 63
1 72
1 11
1 67
0 100
0 63
1 38
1 65
1 14
1 33
0 99
0 45
1 39
0 57
0 11
0 72
1 80
0 17
1 19
1 3
1 95
0 54
1 88
0 59
0 88
1 44
1 72
1 22
0 19
1 68
0 58
1 26
1 45
1 40
0 16
1 15
1 41
1 24
1 55
1 2
0 26
1 77
1 16
0 14
1 10
0 68
0 67
0 77
0 39
0 45
1 35
1 42
1 77
1 61
1 23
1 39
0 61
0 74
1 43
0 86
0 95
0 35
1 56
1 94
0 22
1 84
1 59
1 68
1 25
0 80
0 16
0 43
0 24
1 92
0 55
0 72
0 59
1 96
1 57
1 24
0 33
0 38
0 1
1 43
0 40
1 35
0 60
0 23
1 55
1 49
0 3
0 10
1 53
0 65
1 36
1 59
0 41
0 24
1 19
1 10
1 20
0 10
0 77
1 81
0 51
1 45
0 94
0 96
0 55
1 77
0 36
1 12
0 49
1 71
0 57
1 94
0 56
1 27
0 39
1 55
0 84
0 53
0 94
1 69
1 9
0 68
0 2
0 59
1 87
1 76
0 15
0 12
1 70
0 55
1 54
0 44
1 2
0 42
1 3
1 12
0 87
0 54
0 76
1 72
1 78
0 45
0 19
0 12
0 2
0 69
0 92
1 6
1 62
1 18
1 42
1 93
0 43
1 36
0 93
0 20
0 72
1 67
1 7
0 25
1 51
0 36
1 99
0 6
0 9
1 63
1 72
0 63
0 62
0 72
1 91
0 81
0 70
1 90
1 85
0 18
0 78
1 98
0 42
0 85
0 99
1 65
1 20
0 98
0 7
1 34
1 56
0 65
1 10
1 100
0 91
0 10
0 77
1 61
1 36
1 76
1 39
0 39
1 95
1 52
0 90
1 41
1 10
1 21
1 66
0 66
0 20
0 36
1 30
1 14
0 21
0 27
0 14
1 15
0 56
1 33
0 71
1 13
0 76
0 13
1 36
0 41
1 1
1 80
0 80
0 30
1 16
1 80
0 67
1 93
1 4
0 10
0 100
0 16
1 63
1 9
1 41
1 46
0 95
1 72
1 42
0 72
1 56
1 16
0 63
0 33
0 93
0 1
0 34
0 3
0 15
1 20
0 61
1 6
0 9
1 58
0 52
0 36
0 16
0 20
1 14
1 24
0 58
1 15
0 46
1 94
0 42
1 50
0 51
1 81
1 22
1 91
1 34
1 87
1 29
1 95
1 40
1 69
1 98
0 4
0 91
0 6
1 72
1 70
1 61
1 33
0 72
0 35
1 67
1 82
1 72
0 22
0 70
0 87
0 67
1 65
0 82
1 58
0 33
0 95
0 24
0 40
1 53
0 14
1 66
0 65
1 14
0 98
0 15
1 47
0 81
0 47
0 61
1 67
0 72
1 54
0 56
1 18
0 18
1 40
0 40
0 54
0 94
1 52
1 7
0 69
1 95
0 34
0 7
1 96
0 50
0 58
0 53
0 52
0 95
0 67
1 17
0 66
0 96
0 80
1 18
0 14
0 18
1 18
0 18
0 17
0 29
1 86
1 76
1 58
0 86
1 2
0 58
0 41
0 2
0 76
1 76
1 8
1 56
0 76
0 8
0 56
1 38
0 38
1 34
0 34
1 17
1 36
0 36
1 89
1 59
0 89
0 59
0 17
1 76
1 31
1 61
1 49
1 85
1 32
1 73
1 60
0 32
1 71
0 73
0 76
1 62
0 49
1 63
1 42
0 63
1 81
0 71
0 60
1 70
0 62
0 61
0 42
0 31
0 85
1 91
1 71
0 71
1 73
0 91
0 81
0 73
0 70
1 94
0 94
1 58
1 60
1 22
1 32
0 32
1 49
0 49
1 54
0 22
0 60
1 20
1 16
0 54
1 99
1 43
1 34
0 20
0 99
1 53
1 54
0 43
1 83
1 46
0 58
0 53
1 100
0 100
0 16
0 83
0 46
0 54
0 34
1 15
0 15
1 57
0 57
1 79
1 58
0 58
0 79
1 29
1 76
0 76
0 29
1 63
0 63
1 41
1 75
1 76
1 80
0 75
1 9
1 21
0 76
1 13
0 9
1 7
0 7
0 13
0 21
0 80
0 41
1 94
1 83
1 41
0 41
1 13
1 54
0 13
1 40
0 94
1 49
1 26
0 83
0 54
0 40
1 86
1 25
0 26
0 49
1 11
1 47
0 25
0 86
0 11
0 47
1 87
0 87
1 93
0 93
1 84
1 70
1 53
1 77
1 9
1 14
1 11
0 70
0 53
1 93
0 84
1 27
0 14
1 70
1 39
0 39
1 71
1 31
0 93
1 67
1 87
0 71
1 33
1 13
1 44
0 9
0 31
1 92
1 79
1 38
0 27
0 79
0 67
1 27
0 70
1 70
1 32
1 51
1 78
1 39
1 19
1 93
0 39
0 70
0 87
1 49
0 49
0 33
0 78
1 5
1 10
1 7
1 39
1 17
0 10
1 71
1 2
0 39
1 100
1 46
1 83
1 18
0 93
0 17
0 27
1 29
0 92
1 12
1 82
0 11
1 78
0 51
1 84
1 58
1 94
1 86
0 78
0 19
0 84
0 58
1 66
1 14
0 44
0 32
0 2
0 82
0 14
1 48
0 94
1 44
0 7
0 44
1 19
1 14
0 13
1 20
1 21
0 29
1 57
1 98
1 87
1 85
0 46
0 87
1 84
0 100
1 49
0 83
1 79
1 37
0 19
0 18
0 84
1 36
0 49
1 80
0 20
0 21
0 71
1 41
1 49
0 48
1 53
0 38
1 35
1 11
1 17
1 99
0 11
1 61
1 95
1 10
0 80
1 52
1 19
0 86
1 67
0 98
1 20
1 47
0 37
1 92
1 84
1 86
1 28
0 77
0 19
0 99
0 57
1 87
1 80
1 81
0 14
1 24
1 3
1 37
1 21
0 37
0 17
0 52
0 87
1 88
1 78
1 50
1 4
0 92
0 61
0 86
0 50
0 21
0 5
1 33
1 26
0 67
0 53
1 86
1 53
1 67
1 42
1 43
1 71
0 71
0 35
1 35
0 86
1 32
0 81
1 86
1 81
0 28
0 66
0 84
0 26
1 98
0 35
1 25
1 55
1 82
0 24
0 43
0 79
0 55
1 62
1 43
0 3
0 47
1 58
0 32
1 79
0 20
1 40
1 68
0 81
0 49
0 68
0 85
1 11
1 96
0 12
0 78
1 28
1 69
0 25
1 44
1 70
0 36
0 53
0 79
1 12
0 11
1 14
0 28
1 54
0 98
1 63
0 62
0 88
1 85
1 37
1 56
0 12
1 23
0 42
1 90
1 77
1 99
0 37
0 56
0 63
0 44
1 12
0 4
1 8
1 26
1 37
0 96
0 58
1 83
0 69
1 62
1 57
1 19
1 66
0 62
1 53
0 54
0 82
1 27
1 91
0 53
