1000
1 97
0 97
1 73
1 95
1 56
0 73
0 95
0 56
1 92
0 92
1 30
1 61
1 10
1 45
1 18
0 30
0 45
1 96
1 49
1 69
0 61
1 8
0 69
1 22
0 22
0 18
0 49
1 93
1 61
1 49
0 49
0 93
1 23
1 63
1 70
0 61
1 92
0 10
0 92
1 81
0 63
1 46
0 96
0 8
0 46
0 23
1 12
0 12
1 35
1 45
1 98
0 70
1 67
0 35
1 7
1 47
0 67
1 10
1 87
0 7
1 72
1 8
1 33
1 99
1 4
1 54
1 52
0 98
0 99
0 33
0 4
1 1
0 87
0 8
1 28
1 38
0 45
0 10
0 52
1 78
1 27
1 98
0 47
1 60
1 51
1 43
0 54
0 60
0 27
1 17
0 38
1 82
1 36
1 57
0 57
1 10
1 46
1 41
0 36
0 46
1 80
1 95
0 95
1 2
0 82
0 80
1 82
0 81
0 17
0 43
1 85
0 28
1 36
0 82
0 36
0 41
0 1
0 78
1 73
0 51
1 11
1 80
1 81
1 18
1 24
1 52
0 98
1 14
0 81
1 13
0 85
1 75
0 24
0 73
1 91
1 19
1 56
0 72
0 80
1 74
1 61
1 51
1 66
1 99
1 3
1 23
0 51
0 52
1 46
1 43
0 11
1 76
1 25
1 86
1 87
1 90
0 43
0 23
0 87
1 17
0 3
1 5
0 14
0 90
1 62
0 46
0 25
0 86
0 62
1 71
1 20
1 21
0 17
0 91
0 13
1 95
1 46
0 75
1 23
1 77
1 55
0 74
1 88
0 5
1 30
0 71
1 22
1 83
0 77
0 88
0 18
1 44
0 46
1 77
0 99
1 25
1 79
1 84
0 66
1 60
0 61
0 55
0 60
0 20
1 58
1 46
0 2
0 44
0 77
1 70
0 83
0 70
1 85
0 84
1 94
1 86
1 57
0 19
1 70
1 26
0 56
1 3
1 11
0 57
1 50
1 49
1 40
0 11
1 17
0 3
1 9
1 81
0 10
0 81
0 30
1 32
1 59
0 59
0 25
1 82
1 43
0 58
1 3
0 76
1 73
0 3
0 26
0 85
1 65
0 43
0 46
1 90
0 21
1 93
0 49
1 51
1 74
0 94
1 80
0 86
1 43
0 23
0 40
1 33
0 90
1 13
1 75
1 35
1 81
0 17
1 44
1 20
0 79
1 87
0 82
1 94
0 70
0 51
0 35
0 13
0 73
0 87
1 18
0 74
0 18
0 81
0 93
1 81
0 75
1 83
0 65
1 11
0 50
1 19
0 44
0 80
0 19
0 22
0 81
1 89
1 80
0 9
1 30
0 20
0 83
1 76
0 30
1 79
1 20
0 43
0 94
1 90
0 79
0 33
0 95
1 91
1 38
0 38
0 91
0 20
0 76
0 11
0 32
1 44
0 44
1 49
1 98
0 80
0 89
0 98
0 90
1 74
1 9
0 49
0 9
0 74
1 2
0 2
1 15
0 15
1 87
0 87
1 19
0 19
1 32
0 32
1 12
1 83
1 79
1 78
1 60
1 7
0 60
1 19
1 32
1 21
1 53
0 7
1 27
1 33
0 27
1 96
0 53
1 80
1 59
1 20
0 19
1 10
0 32
1 13
0 21
0 96
0 59
0 80
0 78
0 33
1 27
0 12
0 20
0 13
0 79
0 10
0 83
0 27
1 91
0 91
1 51
0 51
1 78
1 75
1 22
1 68
0 78
1 85
1 59
0 22
0 85
1 37
0 75
1 12
0 68
0 37
1 16
1 53
0 12
1 28
1 10
1 65
0 53
1 88
0 10
0 65
1 62
0 59
0 28
0 88
1 52
1 49
1 33
1 69
0 33
1 29
0 16
0 29
1 72
1 3
1 47
0 52
0 72
0 47
1 64
1 21
1 43
1 92
0 3
1 70
0 70
0 92
0 21
0 62
0 43
0 64
1 67
0 69
1 2
0 2
1 50
0 49
1 74
0 50
0 74
1 54
0 67
1 40
0 54
0 40
1 4
0 4
1 7
1 20
1 45
1 15
1 54
0 45
0 54
1 50
0 50
1 50
1 6
1 21
1 17
1 75
0 15
0 6
1 41
0 21
1 10
1 21
0 17
0 20
0 10
0 41
0 50
0 75
1 64
0 64
0 21
1 12
1 41
1 67
1 28
1 53
1 47
0 41
0 7
1 1
1 89
0 28
1 32
1 27
0 32
1 93
1 9
1 20
0 1
1 88
0 20
0 9
1 100
0 67
0 100
0 93
1 18
1 41
0 47
1 95
1 54
1 23
0 89
0 54
1 43
0 88
1 46
0 12
0 18
0 46
1 73
1 44
1 50
1 29
1 94
0 73
0 95
1 90
1 66
0 50
0 90
1 95
1 24
1 26
0 29
1 96
0 27
0 53
1 18
1 68
1 58
1 100
0 58
0 23
1 78
0 68
1 27
0 95
1 6
1 39
1 29
0 43
0 29
1 72
1 60
0 72
0 96
0 18
0 26
1 48
1 95
0 48
1 70
0 6
1 33
0 70
1 1
1 10
1 21
1 32
0 33
1 2
0 66
0 94
0 78
0 39
1 83
0 32
1 31
0 2
1 50
0 60
0 83
0 41
0 95
0 24
1 58
1 59
1 90
0 59
1 47
0 31
0 27
0 44
1 37
0 21
1 13
0 90
0 100
1 41
1 11
0 13
0 1
0 10
0 41
1 8
1 85
1 14
0 14
1 87
1 96
1 41
0 41
1 19
0 87
0 96
0 11
0 47
0 85
0 19
0 58
0 37
0 50
0 8
1 55
0 55
1 53
1 95
1 9
1 22
1 10
0 22
0 53
0 9
0 95
1 3
1 59
1 80
1 14
0 59
0 10
1 4
0 14
0 4
0 80
1 4
0 4
1 62
1 88
0 3
0 62
0 88
1 73
1 64
0 64
1 41
1 10
0 41
1 90
0 73
0 90
1 12
1 91
0 10
1 80
1 10
0 10
1 77
1 28
1 72
1 7
1 65
1 57
0 80
1 78
0 12
0 57
0 78
1 88
0 88
0 28
1 53
1 100
0 7
1 64
1 24
1 25
0 25
0 64
1 45
1 54
0 65
0 24
1 16
1 82
1 5
1 66
1 1
1 2
0 72
0 100
1 20
1 19
1 57
1 6
0 57
0 19
1 93
0 16
1 87
0 53
0 54
0 82
0 1
1 3
0 20
1 60
1 21
0 66
1 24
0 24
0 3
1 38
1 92
1 34
1 52
0 21
0 87
1 96
1 47
0 92
1 64
1 17
0 17
0 47
0 5
0 6
1 61
1 17
0 2
1 5
1 100
0 77
0 17
0 52
0 100
1 28
0 60
1 77
0 91
0 96
0 93
0 64
1 42
1 55
1 80
0 5
0 42
1 88
1 54
1 41
1 74
1 63
1 23
0 23
1 23
0 38
0 34
0 45
0 55
1 70
0 63
0 61
1 10
0 77
1 20
1 78
0 20
1 90
1 72
1 14
1 7
1 15
0 41
0 54
0 88
0 10
1 8
0 7
0 15
0 72
0 23
0 80
1 13
1 95
0 90
0 78
1 76
0 95
1 36
1 32
0 74
1 10
1 62
1 24
0 14
0 76
1 14
0 62
1 78
0 78
1 2
1 9
1 78
0 24
1 24
0 9
0 2
1 22
0 13
1 63
0 78
0 70
1 29
1 89
1 26
0 26
0 10
1 1
0 8
0 1
1 91
0 36
1 84
0 91
1 87
0 32
1 30
0 22
1 26
0 14
0 63
0 29
1 18
1 36
0 87
1 60
0 84
1 97
0 60
0 30
0 26
1 92
0 24
0 36
1 72
0 97
0 28
0 18
1 81
1 85
0 81
0 92
1 70
1 28
0 72
0 85
0 28
0 70
1 45
1 90
1 16
0 90
1 47
0 45
1 57
0 16
0 47
1 62
1 45
1 39
1 74
1 82
0 62
1 13
0 45
0 82
1 77
1 25
1 56
0 57
1 62
0 25
0 74
0 56
0 62
0 13
1 16
1 100
1 51
0 16
0 51
0 89
1 16
1 85
0 39
0 85
0 16
0 77
0 100
1 46
1 13
0 13
0 46
1 76
0 76
1 39
1 30
0 39
1 97
0 30
0 97
1 49
0 49
1 90
1 77
1 26
0 26
1 35
1 4
0 35
0 90
1 94
0 4
0 77
1 17
0 94
1 6
1 55
1 48
1 30
1 95
1 20
1 85
0 48
0 6
1 61
0 30
1 18
0 17
0 85
1 13
0 20
1 57
0 61
1 90
0 13
0 57
1 94
1 99
1 10
1 15
0 15
1 16
1 72
1 9
0 72
1 17
0 55
1 61
1 81
1 82
0 10
0 16
1 28
1 67
1 86
1 68
0 61
1 51
1 29
1 78
1 30
1 75
1 85
1 76
1 14
1 69
1 4
0 68
0 4
1 98
0 69
0 76
