1000
1 27
1 88
0 88
0 27
1 28
0 28
1 34
0 34
1 43
1 37
0 37
0 43
1 42
1 83
1 63
1 70
1 32
0 32
0 42
1 71
0 83
1 79
1 90
1 50
0 70
1 99
1 51
1 96
0 96
1 77
0 51
1 100
1 19
0 71
1 20
1 5
1 75
0 50
0 75
0 79
1 64
0 63
1 87
0 5
0 90
1 9
1 59
1 12
1 60
1 83
1 67
0 12
0 64
0 20
1 70
1 14
1 68
0 67
0 77
0 19
1 27
1 86
1 65
1 63
1 44
0 86
1 28
0 99
1 47
1 21
0 47
0 87
1 29
0 27
1 93
1 26
1 64
0 93
0 63
0 65
1 76
0 68
0 28
0 64
0 44
0 9
0 100
0 26
0 21
0 83
0 60
1 30
0 76
1 19
0 14
0 19
0 29
0 59
0 70
1 74
1 96
0 96
0 74
0 30
1 36
0 36
1 64
1 10
0 10
0 64
1 76
1 15
0 76
0 15
1 36
1 50
0 36
0 50
1 63
1 45
1 20
0 63
0 20
0 45
1 58
0 58
1 29
0 29
1 27
0 27
1 15
0 15
1 47
0 47
1 36
0 36
1 80
1 21
1 57
0 21
1 75
0 75
1 94
0 80
0 94
0 57
1 41
1 12
1 49
0 41
0 49
1 52
1 69
1 41
0 52
1 23
0 12
0 41
1 38
0 38
1 28
0 23
0 69
0 28
1 39
1 52
1 80
0 52
0 80
0 39
1 88
1 85
1 96
1 57
1 54
0 57
1 71
1 60
0 85
1 49
1 53
1 46
0 71
0 49
1 23
1 89
1 9
1 79
1 68
0 23
1 55
1 87
1 37
0 9
1 77
0 96
1 56
0 53
1 24
0 88
0 68
1 57
0 24
0 77
1 62
0 37
0 89
0 54
0 60
1 68
1 58
1 65
1 44
1 59
0 58
1 66
1 33
1 7
1 11
0 56
0 55
1 92
0 66
1 12
0 92
0 62
1 21
1 90
1 88
0 44
1 13
0 7
0 21
1 8
0 11
0 46
0 33
0 57
0 90
1 17
0 13
1 14
1 96
0 79
1 30
1 52
0 87
1 61
1 29
0 96
0 14
0 8
0 29
1 26
1 75
1 21
1 83
0 26
0 61
1 25
0 30
0 52
1 23
1 58
0 25
1 94
0 59
0 68
0 65
1 82
1 79
1 98
0 75
0 17
1 46
1 71
1 61
1 48
0 94
1 94
1 60
0 83
1 5
1 14
0 88
0 46
1 65
0 94
1 62
0 21
1 72
1 99
1 6
1 97
0 23
0 97
1 46
1 4
0 62
0 71
0 98
0 46
1 69
0 5
0 99
0 69
0 4
0 72
1 81
1 47
1 8
0 60
0 79
0 82
1 54
0 61
0 6
1 79
1 9
0 81
0 48
0 79
1 74
1 94
1 82
1 15
1 93
1 60
0 93
0 74
1 51
0 60
1 43
0 82
1 7
0 15
0 12
0 58
0 7
1 88
0 88
1 45
1 29
0 94
0 65
1 2
1 92
1 81
0 45
1 93
1 35
0 93
0 81
0 92
0 54
0 51
1 6
1 94
1 58
1 10
1 11
1 99
1 78
1 76
0 35
1 48
0 76
0 78
1 31
0 94
0 8
1 62
1 17
1 37
0 2
1 21
1 100
0 58
0 14
0 21
1 15
0 37
0 99
0 31
0 29
1 27
0 48
0 11
1 68
0 43
0 17
0 62
1 25
1 5
0 47
1 8
0 8
0 10
1 69
1 80
1 2
1 75
1 41
1 95
0 15
0 9
1 33
1 23
1 53
0 95
0 6
1 50
1 1
1 42
1 79
0 2
1 43
1 61
1 20
1 59
0 53
1 34
0 25
0 34
1 91
1 12
1 51
1 44
0 100
0 42
0 27
0 79
0 69
0 5
0 33
1 42
0 59
0 42
1 69
0 80
1 33
0 69
0 61
0 20
1 93
0 93
1 76
0 1
1 95
0 76
0 95
0 50
0 41
0 23
1 17
1 57
0 43
0 17
1 59
1 15
1 69
1 45
1 34
1 35
0 15
0 51
0 44
1 10
0 35
0 57
0 59
1 9
0 34
1 50
1 30
1 1
0 68
1 61
0 33
0 69
0 61
1 74
0 1
1 79
1 98
1 73
1 90
1 87
0 9
0 87
1 56
1 51
0 12
1 57
1 84
0 30
1 100
1 35
1 62
0 73
0 10
1 33
0 79
0 57
1 31
1 32
0 91
0 74
0 51
1 92
0 62
0 98
1 76
1 36
0 84
0 76
1 80
0 75
0 92
0 36
0 100
0 31
0 45
1 36
0 32
0 90
1 85
1 70
1 61
0 33
0 80
1 28
0 35
0 56
0 85
1 88
1 33
1 59
0 36
1 40
0 33
1 22
0 61
1 94
1 31
0 31
0 59
1 60
1 24
0 60
1 47
0 24
1 95
1 79
1 86
1 33
0 50
0 95
1 4
1 72
1 8
0 47
1 58
0 72
1 92
0 4
0 58
1 85
0 94
0 79
0 92
0 33
0 22
0 8
0 28
0 70
1 2
1 9
0 9
0 86
0 85
1 95
1 99
0 88
0 95
1 57
1 72
1 16
0 40
1 29
0 16
1 3
1 88
1 64
1 52
0 64
1 89
0 88
1 86
1 79
1 69
0 99
1 35
1 87
1 96
0 3
1 13
0 57
1 76
1 3
1 47
0 35
1 18
0 13
0 29
0 2
0 52
1 23
1 10
1 35
0 23
1 90
1 7
0 76
0 87
0 86
0 90
1 6
1 25
1 8
0 72
0 35
0 89
0 18
1 21
1 16
1 70
1 88
0 6
0 7
1 97
0 69
0 10
1 4
1 67
0 16
0 4
1 74
1 78
1 75
0 3
0 88
0 8
1 33
1 34
0 33
1 29
0 21
1 38
1 30
0 97
0 78
1 66
1 89
0 67
0 74
1 95
0 30
1 85
1 20
0 66
1 74
0 89
0 79
0 74
0 95
0 70
1 39
1 72
1 52
1 53
0 96
0 34
1 55
0 20
1 77
0 55
0 77
1 58
1 10
0 47
1 2
0 29
1 86
1 82
1 80
1 45
1 81
0 72
1 16
0 25
0 53
0 82
1 40
0 81
1 87
0 58
1 98
0 86
1 50
0 40
0 75
0 39
1 86
1 11
1 78
0 11
0 85
0 45
0 86
0 87
0 78
0 50
1 35
0 98
0 2
0 16
0 35
0 38
0 10
0 52
1 15
0 80
0 15
1 11
0 11
1 60
0 60
1 3
1 36
1 52
1 75
0 52
1 44
0 44
0 36
1 72
0 3
1 97
0 97
0 72
0 75
1 65
0 65
1 35
1 44
0 44
1 69
0 69
1 6
0 6
0 35
1 38
0 38
1 50
1 13
1 62
1 42
0 13
1 17
1 9
1 74
1 22
1 44
0 17
0 42
0 22
1 21
0 74
1 85
0 62
1 81
0 85
0 21
0 44
1 28
0 28
0 50
0 9
1 32
1 99
1 82
0 82
0 81
1 44
0 44
0 99
0 32
1 49
1 88
1 83
1 19
1 86
1 85
1 42
0 86
0 83
0 85
0 49
0 42
1 63
1 13
0 88
0 13
1 7
1 53
0 63
0 19
0 53
1 8
1 45
0 7
1 86
1 85
0 45
0 86
0 85
1 92
0 8
1 30
1 49
1 31
1 78
1 89
0 89
1 27
0 92
0 30
0 31
1 54
1 68
1 79
1 87
1 67
0 87
0 68
1 29
1 30
0 30
0 67
0 54
0 49
1 58
0 79
0 29
1 20
1 42
0 78
1 47
1 93
1 6
0 47
1 43
1 74
1 85
0 74
1 5
1 22
1 33
1 59
1 94
0 5
1 69
1 50
0 94
1 60
0 60
0 33
0 43
0 69
0 22
1 60
1 40
0 27
1 12
1 30
1 36
1 13
0 93
1 35
1 77
1 29
0 6
0 58
1 43
1 74
0 12
1 12
0 60
1 37
1 86
0 59
0 85
1 44
0 13
0 74
0 12
1 64
0 20
0 77
0 35
1 53
1 33
1 45
0 50
0 29
0 45
1 79
1 18
1 63
1 71
0 42
1 82
1 41
0 79
0 44
1 99
1 38
0 71
1 91
0 36
1 78
0 99
0 82
0 43
0 30
0 40
0 33
1 11
0 63
0 64
0 37
0 78
1 15
1 90
0 15
1 74
0 38
0 53
0 11
1 75
0 91
0 74
1 3
1 28
1 38
1 16
1 32
0 32
1 29
0 3
1 3
0 41
0 75
0 28
0 18
0 38
1 31
1 43
1 12
1 19
1 39
0 3
0 19
0 29
1 62
0 86
0 43
0 12
0 62
0 39
0 16
1 1
1 13
1 14
1 74
1 82
1 94
1 92
0 82
0 92
0 13
1 44
0 14
1 82
0 31
1 54
1 68
0 94
0 74
