1000
1 49
0 49
1 35
0 35
1 69
1 58
0 69
0 58
1 22
1 17
1 81
0 22
1 94
1 7
1 47
1 48
1 49
1 33
0 49
1 12
1 27
1 67
0 12
0 17
1 86
1 34
1 26
0 67
1 69
1 63
1 56
0 27
0 94
1 82
0 48
1 85
1 3
1 53
1 50
0 53
1 84
1 28
1 74
0 26
1 12
1 19
0 47
0 56
0 33
0 63
1 62
0 12
0 82
1 29
0 85
1 61
1 48
1 51
0 51
1 24
0 7
0 50
0 29
1 7
0 84
1 20
0 7
1 83
0 3
0 81
0 83
0 19
0 61
0 24
0 69
1 65
1 100
1 31
1 60
0 20
0 60
0 34
0 62
1 79
1 52
1 95
0 79
1 25
1 96
1 63
0 86
0 25
1 13
0 13
0 28
0 63
1 49
0 100
0 95
1 85
1 92
1 64
0 49
1 5
1 32
1 4
0 4
1 51
1 39
0 51
0 74
1 83
0 65
1 8
1 82
0 31
1 2
0 8
1 79
1 9
1 86
1 4
1 56
1 91
0 91
1 41
1 16
1 6
0 16
0 79
0 9
0 6
1 94
0 56
0 41
0 83
1 35
1 67
0 67
0 35
1 97
1 9
1 77
1 83
1 90
0 96
0 83
1 80
1 15
0 94
0 77
1 10
1 40
1 11
0 4
0 85
0 39
1 49
0 32
1 83
1 3
1 93
1 98
1 45
0 92
1 87
1 62
0 98
1 73
1 4
0 49
0 93
1 46
0 11
1 1
1 71
1 6
1 41
0 90
1 54
0 46
1 57
1 74
1 96
1 90
1 7
0 71
1 71
1 94
1 98
0 57
0 3
1 89
1 34
1 56
1 85
1 93
0 40
0 4
0 73
0 80
0 2
0 54
0 41
1 53
0 34
1 63
1 19
1 78
0 1
1 65
0 74
1 30
1 72
1 58
0 45
0 98
1 11
1 88
0 56
0 10
0 52
0 7
0 15
0 83
0 82
0 6
0 87
1 6
0 86
1 91
0 58
0 53
1 57
0 57
1 80
1 44
0 96
1 3
0 3
1 20
1 70
1 69
1 3
0 69
1 66
0 88
1 88
0 89
1 95
0 48
1 59
0 59
0 30
1 55
0 95
0 93
0 88
0 65
0 90
1 69
0 19
1 10
0 5
1 47
0 63
1 12
1 68
0 78
0 91
1 43
1 21
0 21
0 85
0 11
0 20
0 80
1 35
0 71
0 43
0 66
1 2
1 8
0 3
0 62
1 75
1 28
1 11
1 37
1 56
0 64
1 21
1 13
1 65
0 6
0 35
1 4
1 87
0 2
0 87
0 69
0 10
1 14
0 47
1 1
0 44
0 8
0 12
0 14
1 48
1 73
0 4
0 28
1 96
1 36
1 57
0 75
0 13
0 97
0 11
1 76
1 59
1 87
1 100
0 57
1 5
0 73
0 76
1 44
1 95
1 40
0 72
0 65
1 60
1 82
1 91
0 9
1 30
0 30
0 55
1 97
1 77
0 59
1 85
1 78
1 54
1 67
0 91
0 54
0 40
1 71
0 85
0 94
1 59
0 82
0 77
0 37
0 67
1 69
1 35
0 78
0 21
0 60
0 96
1 22
1 80
1 66
0 59
0 69
0 95
1 9
1 23
0 36
1 38
1 15
1 58
1 81
0 5
0 70
1 62
1 21
1 96
0 44
1 30
1 42
1 98
1 8
1 37
0 21
0 87
1 57
0 35
1 94
1 76
0 22
0 1
0 96
0 66
1 93
0 9
1 89
0 57
1 20
1 59
0 58
1 88
1 16
1 77
0 15
1 92
1 55
1 57
1 78
1 19
0 100
1 51
1 32
0 89
0 88
0 97
0 59
1 39
0 48
0 76
1 60
1 13
0 20
0 37
0 56
0 13
0 23
0 51
0 92
1 25
1 89
1 74
1 40
0 89
1 36
1 52
1 17
1 27
1 46
1 2
0 42
0 55
0 57
0 62
0 32
1 41
1 15
1 57
0 77
0 52
0 8
0 17
1 24
1 84
1 51
0 46
0 27
0 36
1 88
1 65
1 96
1 14
1 44
0 84
0 41
1 8
1 56
1 6
0 60
0 80
0 56
0 40
0 98
1 46
0 39
1 49
0 81
0 44
1 52
0 52
0 8
1 35
0 88
1 36
0 74
0 6
0 30
1 4
1 41
1 55
0 94
0 78
1 75
0 38
1 50
1 78
0 71
1 73
1 32
0 36
1 47
0 49
1 45
0 14
1 59
1 3
1 14
0 50
0 16
1 62
1 11
1 91
1 79
0 4
0 78
1 37
0 57
1 67
0 25
0 73
0 62
0 65
1 42
1 20
0 14
1 64
0 75
0 37
1 33
0 59
0 2
1 57
0 24
1 18
0 42
1 56
1 25
1 92
1 74
0 93
0 15
1 38
1 48
0 3
0 79
1 69
1 58
0 45
1 61
0 46
1 13
0 69
1 69
1 50
0 69
0 25
0 51
0 33
0 38
0 68
1 87
1 60
0 11
1 49
1 72
1 24
1 52
1 36
0 32
1 82
0 82
1 37
1 5
1 51
0 5
1 38
0 51
1 2
1 73
1 21
0 73
1 7
0 49
1 100
1 68
0 21
0 47
0 72
1 5
1 89
0 19
1 95
1 8
1 62
0 92
1 94
0 62
0 89
0 52
1 3
0 38
0 55
1 14
1 42
0 24
0 37
0 100
0 3
1 59
0 14
0 5
1 62
1 22
0 94
1 97
0 67
0 50
1 82
1 81
1 75
0 82
1 3
0 64
1 92
0 48
1 5
0 81
0 8
1 67
1 99
0 67
1 24
1 76
1 48
0 91
0 5
0 61
0 20
0 76
1 76
0 24
0 76
0 35
1 40
0 18
0 42
1 88
0 62
1 98
1 76
1 55
0 41
0 36
0 40
1 16
0 92
1 61
0 76
0 55
1 84
0 16
1 62
1 45
0 48
0 7
0 45
0 59
0 97
1 63
1 89
1 32
1 93
0 3
1 54
1 82
1 24
1 94
0 75
0 32
0 58
1 35
1 53
0 74
1 75
1 46
0 82
0 61
1 28
1 47
0 93
0 60
0 68
0 89
1 17
0 87
0 35
1 76
0 62
0 63
0 75
0 57
1 55
1 23
1 72
0 88
0 72
1 20
1 74
1 85
1 57
0 99
0 96
0 22
0 46
1 90
1 8
0 2
1 77
0 76
0 8
1 31
0 56
1 60
0 28
1 91
0 60
0 55
0 77
1 87
0 24
1 48
0 54
0 17
1 76
1 88
1 58
1 89
1 86
1 46
1 92
0 88
1 24
1 25
1 43
0 95
0 92
0 85
0 25
1 34
0 24
0 91
0 20
0 34
1 16
1 7
0 16
0 53
1 72
1 24
1 60
0 48
0 46
1 35
1 83
1 91
0 90
1 61
0 13
1 16
0 43
0 58
0 23
1 48
1 55
1 71
1 28
1 10
0 71
0 47
0 89
0 94
0 55
0 83
1 55
1 70
0 28
1 45
1 85
1 12
1 22
0 74
1 96
1 62
0 98
1 44
0 22
1 46
0 44
1 92
1 93
0 60
0 7
1 33
1 22
1 95
1 64
1 25
1 17
1 42
1 13
1 23
0 86
0 96
0 85
0 62
1 1
1 73
1 6
0 57
0 25
1 54
0 48
0 72
0 46
1 67
1 97
1 38
1 7
1 65
1 8
0 87
1 25
1 43
0 8
1 98
0 23
1 30
1 99
0 13
1 11
1 62
1 74
0 73
1 96
1 32
1 83
0 1
0 10
0 93
0 45
1 23
0 32
0 67
0 92
0 70
0 62
1 77
1 1
0 16
1 62
0 12
0 7
0 95
1 68
0 24
0 74
0 83
0 98
0 35
0 55
1 67
1 24
0 25
1 86
0 42
0 64
0 77
0 67
0 97
1 64
0 64
0 11
0 23
1 97
0 38
0 65
0 30
0 1
0 76
0 86
0 91
0 33
1 63
1 8
1 7
0 62
1 62
1 89
1 90
1 9
0 97
0 9
1 30
0 7
1 12
0 96
1 64
1 51
1 9
1 98
1 1
1 46
1 32
1 47
0 51
0 12
0 98
0 62
1 18
0 22
0 84
0 17
1 65
0 89
0 68
1 21
1 2
0 46
1 53
0 30
0 9
1 51
0 51
0 32
0 31
0 64
0 63
1 19
0 54
1 20
1 55
1 29
0 90
0 20
1 70
1 7
1 87
1 39
1 51
0 39
1 91
0 29
0 99
1 25
1 39
0 18
0 8
1 63
0 2
1 48
0 39
0 1
1 42
1 96
1 17
1 8
1 64
1 26
1 49
0 8
1 40
1 37
0 91
0 87
1 39
0 96
1 98
1 2
0 17
1 28
0 26
0 21
1 45
1 59
1 62
1 10
0 19
1 99
0 37
0 59
1 100
1 58
1 50
0 100
1 52
0 70
