1000
1 26
1 70
0 26
1 67
1 55
1 85
0 70
0 67
0 55
0 85
1 86
1 36
0 86
1 93
1 44
1 40
1 100
1 92
0 92
1 53
0 93
1 48
1 47
1 67
1 27
1 39
0 39
0 47
1 33
1 13
1 7
0 53
0 100
0 44
0 48
0 40
1 90
0 33
1 82
0 13
1 56
1 84
0 56
0 82
1 79
1 94
0 84
0 94
0 90
0 67
1 10
1 15
0 15
0 27
0 10
1 67
1 18
0 18
0 79
1 90
0 7
1 44
1 2
0 36
0 44
1 3
1 47
1 94
0 3
1 6
1 87
0 47
0 94
1 53
1 91
0 2
0 91
0 6
1 76
0 87
1 2
0 76
1 54
0 2
0 90
1 60
1 75
1 78
1 45
0 67
1 9
1 4
0 45
0 54
1 83
1 51
1 28
0 53
0 78
0 4
0 60
1 19
0 9
1 81
0 81
1 22
1 23
0 51
1 84
1 65
1 31
1 53
1 30
0 75
0 31
0 22
0 83
0 84
1 16
0 30
1 59
0 65
1 60
1 63
1 99
0 16
1 8
1 43
1 36
1 94
1 77
1 14
1 56
1 41
1 79
0 63
1 33
0 28
0 77
1 66
1 5
0 8
1 70
1 37
0 37
1 26
0 23
0 26
1 46
0 99
0 41
0 33
0 70
1 87
0 5
1 68
0 87
1 35
1 47
1 33
1 39
0 68
1 45
1 34
0 39
1 37
1 98
0 45
0 53
1 15
0 60
1 51
1 38
1 52
1 99
0 46
0 98
1 53
0 66
0 38
0 35
0 15
0 37
1 90
1 2
1 17
1 58
0 79
0 53
0 36
0 58
1 6
0 99
0 51
0 90
0 47
1 10
1 39
0 52
0 2
1 40
1 26
1 73
1 21
1 7
0 73
1 24
1 25
1 13
1 31
1 95
1 53
0 26
0 53
0 13
1 98
0 95
1 62
0 21
0 43
0 59
1 32
0 33
1 81
0 10
0 14
1 50
1 92
0 98
0 50
0 56
1 10
0 19
1 21
0 81
1 33
0 39
0 92
0 34
1 35
0 24
0 7
1 41
0 62
1 11
0 25
0 11
0 10
0 94
0 40
0 6
1 93
1 18
1 42
1 84
0 31
0 84
0 33
0 42
1 34
1 36
1 66
0 93
1 28
0 41
1 45
1 58
1 68
0 68
1 100
0 35
1 22
0 22
1 76
0 45
1 86
1 3
0 28
0 17
0 3
0 86
1 10
1 84
1 29
0 36
1 75
1 48
1 61
0 76
0 21
1 91
1 92
0 61
1 1
0 92
0 29
1 37
0 84
1 2
1 60
1 19
0 91
0 19
0 75
1 52
0 48
1 20
1 7
1 95
0 100
1 90
0 2
1 70
0 7
0 90
0 18
1 5
0 34
0 32
0 37
1 29
1 63
1 7
1 96
1 12
0 52
1 13
0 13
0 10
0 96
0 66
1 52
1 47
0 29
0 20
0 58
1 83
1 97
1 72
1 8
1 46
0 72
0 97
1 19
0 46
0 47
1 96
0 7
0 63
0 1
0 12
1 30
1 2
1 94
0 94
0 83
1 12
0 70
1 39
1 81
1 100
0 96
0 8
1 48
0 39
1 96
0 12
1 31
0 30
1 49
0 19
1 47
0 47
1 23
0 5
1 92
0 60
1 1
0 100
1 8
1 5
1 50
0 31
1 12
0 50
0 12
1 17
1 41
1 34
1 79
0 2
1 21
1 84
0 34
0 17
1 76
0 81
1 42
1 65
1 36
0 65
1 45
0 41
1 19
0 49
0 79
0 45
1 2
0 76
1 34
1 49
1 32
1 3
0 3
1 81
1 24
0 8
1 50
1 3
0 84
1 97
0 81
0 48
0 50
1 61
0 24
0 3
0 49
1 22
1 98
0 95
1 67
1 20
1 40
1 64
1 14
0 32
1 35
0 40
0 19
0 36
0 42
0 52
0 67
1 28
1 17
0 2
0 34
0 97
1 15
1 41
1 99
0 99
0 96
1 90
0 20
1 87
0 87
1 56
1 69
1 13
0 17
0 28
0 5
0 1
1 28
1 42
1 25
0 90
0 98
0 92
1 87
0 14
1 59
0 13
0 28
1 88
1 89
0 69
1 98
1 86
0 89
1 57
0 88
0 64
1 64
0 22
0 56
0 23
0 21
1 16
0 61
1 4
1 70
0 42
1 88
0 87
1 62
1 5
0 70
1 30
1 34
1 51
0 4
0 15
0 98
0 88
0 41
0 59
0 16
0 57
1 50
1 71
0 62
0 25
1 6
0 34
0 86
1 47
0 30
0 64
0 71
0 50
0 35
1 99
0 51
1 78
1 20
0 6
0 99
0 78
1 100
1 42
1 19
1 94
0 47
1 86
1 12
1 26
0 5
0 100
1 91
1 48
1 99
0 94
0 26
1 13
0 91
1 82
0 48
1 49
1 21
1 83
1 84
0 84
1 67
1 79
0 13
0 83
0 12
1 96
0 21
1 85
1 56
1 23
1 83
0 99
0 56
1 65
1 58
1 3
1 25
0 82
1 4
0 49
0 86
0 23
1 54
1 32
1 59
1 76
1 73
0 3
1 60
1 94
1 75
0 42
1 86
0 54
1 63
0 86
1 15
0 73
1 24
0 4
0 58
0 20
1 55
1 13
0 19
1 23
1 87
0 63
1 10
0 67
0 75
0 79
0 87
0 83
0 10
1 22
0 60
0 94
1 62
1 19
1 16
1 17
1 92
0 23
0 13
1 99
1 53
0 17
0 59
1 33
1 63
1 35
0 32
0 15
1 86
1 10
1 72
1 30
1 100
1 94
0 72
1 69
0 55
1 70
1 41
0 92
0 63
0 22
1 3
1 56
0 24
1 91
0 53
0 30
1 72
0 41
1 52
0 52
0 62
1 31
0 91
0 33
1 64
1 80
1 71
0 35
1 39
0 96
0 31
1 82
1 23
0 69
0 85
1 28
1 17
0 16
0 71
1 61
0 56
0 25
0 82
0 39
1 48
0 80
0 48
1 31
0 64
1 85
0 19
1 11
0 86
0 70
0 76
0 28
0 65
0 99
1 89
0 85
0 10
0 100
0 72
0 17
1 29
1 96
0 96
1 24
0 29
1 45
0 94
1 67
1 96
0 11
1 98
0 45
0 89
0 24
1 37
1 97
1 38
1 57
1 59
1 50
1 83
1 48
0 37
0 96
1 11
1 92
1 39
0 61
1 64
0 83
1 72
1 7
1 27
1 4
1 66
0 66
1 46
1 32
1 41
0 46
0 27
1 99
0 64
0 48
1 29
1 55
1 6
1 77
1 51
0 3
0 50
0 97
1 16
0 39
1 8
0 23
0 29
0 72
0 59
0 6
0 51
0 92
1 90
1 47
0 7
0 41
1 36
1 79
1 37
1 33
1 39
1 84
0 31
1 91
1 44
1 85
1 60
0 38
1 12
1 87
1 34
0 91
1 54
1 65
0 36
1 30
1 13
0 65
0 67
1 100
1 66
1 97
0 8
0 16
0 54
0 32
0 33
0 4
1 9
0 13
0 30
1 35
1 95
1 82
1 46
1 8
0 97
1 78
1 80
1 33
0 44
1 58
0 58
0 85
1 41
0 57
0 99
1 85
0 55
0 77
0 41
1 41
0 100
0 78
1 86
1 57
1 81
0 85
0 37
1 75
0 87
0 86
1 32
1 78
0 82
0 80
1 70
1 82
1 2
1 96
0 84
0 34
1 24
1 71
1 13
1 45
1 87
1 89
1 80
0 82
1 77
0 8
0 33
1 48
0 77
1 7
1 97
1 62
0 24
0 9
0 13
1 77
0 80
0 95
1 31
0 39
1 82
1 1
0 57
0 66
1 67
1 72
0 2
0 72
0 32
0 70
0 87
0 82
0 62
0 41
0 90
1 72
1 3
1 18
1 51
0 35
0 71
0 78
1 16
1 70
1 49
0 47
1 59
0 45
0 70
1 4
1 13
1 2
1 68
1 5
1 15
1 36
1 61
1 42
1 85
0 3
0 61
0 4
1 87
0 5
1 41
1 14
1 26
0 14
1 21
1 69
0 2
0 97
1 61
0 26
1 88
1 90
1 6
1 44
1 17
1 91
0 48
0 59
1 95
1 92
1 9
1 93
1 73
1 94
0 46
0 73
0 85
1 28
1 99
0 12
1 37
1 76
1 39
0 21
1 29
1 78
0 49
1 48
1 21
1 45
1 38
1 80
1 70
1 43
0 44
1 2
1 44
0 92
0 45
1 57
0 95
1 32
0 77
1 12
1 82
1 71
1 77
0 13
1 100
1 59
1 62
1 3
1 73
1 33
1 4
0 3
0 78
1 45
1 74
0 17
0 38
1 78
0 71
0 77
1 49
1 30
1 95
0 45
1 83
1 22
0 6
1 34
1 45
0 9
1 50
1 71
0 61
0 69
0 74
0 37
1 97
1 46
0 22
