1000
1 32
0 32
1 94
0 94
1 45
0 45
1 9
1 67
1 70
1 84
0 84
1 79
0 67
1 18
0 18
1 54
0 79
1 6
1 42
0 6
1 46
1 14
0 9
1 99
0 14
1 100
1 47
0 99
0 100
1 1
0 46
0 1
0 54
0 47
0 42
1 7
0 70
0 7
1 32
0 32
1 60
0 60
1 26
0 26
1 52
0 52
1 85
0 85
1 85
0 85
1 93
1 64
0 64
0 93
1 43
0 43
1 52
1 33
1 64
0 33
0 64
1 14
1 49
0 52
0 14
0 49
1 57
1 28
0 28
1 96
0 57
0 96
1 97
0 97
1 19
0 19
1 71
0 71
1 61
0 61
1 51
1 22
1 25
0 25
1 15
1 44
1 96
0 22
0 51
1 56
0 44
1 51
1 79
1 58
0 51
1 94
1 61
0 94
0 79
0 61
0 15
1 6
0 56
1 97
0 6
1 59
0 59
0 97
1 19
0 19
1 51
0 51
0 58
1 65
1 89
1 66
0 66
1 56
0 89
1 18
0 56
0 65
0 96
1 3
1 42
0 42
0 3
1 89
0 89
0 18
1 17
0 17
1 24
0 24
1 99
0 99
1 52
1 82
1 71
0 52
0 82
1 41
0 71
1 15
0 15
0 41
1 3
1 80
1 30
0 3
0 80
1 84
0 30
0 84
1 92
0 92
1 26
0 26
1 9
1 98
1 17
0 98
0 9
0 17
1 64
0 64
1 32
1 44
0 32
1 83
0 44
1 28
0 83
1 43
1 38
0 38
0 43
0 28
1 70
0 70
1 38
0 38
1 12
0 12
1 57
0 57
1 51
0 51
1 36
1 60
1 47
0 60
0 47
1 2
1 46
1 50
0 50
0 2
0 36
0 46
1 41
0 41
1 25
1 14
0 14
0 25
1 69
0 69
1 3
0 3
1 36
1 71
0 71
1 9
1 7
1 77
1 87
0 7
0 77
0 36
0 9
1 85
1 89
0 85
0 89
1 17
0 17
0 87
1 85
0 85
1 4
0 4
1 63
1 71
0 71
0 63
1 37
0 37
1 84
1 61
1 24
0 61
1 31
1 25
0 24
0 84
0 25
1 61
1 8
1 90
0 31
1 19
1 50
1 71
0 90
0 50
0 71
1 52
0 52
1 42
0 42
0 61
0 8
0 19
1 8
1 13
0 13
0 8
1 89
0 89
1 7
0 7
1 73
0 73
1 73
1 35
0 35
0 73
1 57
0 57
1 82
1 13
1 94
0 82
0 13
1 39
1 62
0 94
0 39
0 62
1 73
1 33
1 4
0 73
0 33
0 4
1 33
1 8
0 8
0 33
1 3
0 3
1 100
0 100
1 12
0 12
1 37
1 15
0 15
0 37
1 9
0 9
1 44
0 44
1 48
0 48
1 92
1 24
1 85
0 92
0 24
1 70
0 85
1 15
0 70
1 3
1 70
0 15
0 70
0 3
1 75
1 11
1 86
0 75
0 11
0 86
1 9
1 26
1 62
0 26
0 62
0 9
1 20
1 59
0 59
0 20
1 84
1 90
1 11
0 90
0 84
1 26
0 26
0 11
1 2
0 2
1 83
0 83
1 94
1 24
1 96
0 24
1 100
1 99
1 76
0 96
1 51
0 94
0 76
1 15
0 15
0 100
0 51
1 74
0 74
1 54
0 54
1 27
0 99
1 28
0 27
1 9
1 59
1 94
0 9
1 82
0 59
0 94
1 99
1 46
0 99
0 28
0 46
1 71
1 37
0 82
0 37
0 71
1 46
1 74
1 70
1 62
1 6
0 6
0 70
0 74
0 62
0 46
1 91
1 56
1 85
1 57
1 24
1 54
1 2
0 2
1 58
1 65
0 91
0 58
0 56
1 9
1 47
1 89
0 24
0 54
1 62
1 32
1 82
0 57
1 80
0 9
0 32
0 65
1 24
1 63
0 80
0 63
0 82
1 21
1 2
0 62
1 29
0 29
0 24
1 90
1 14
1 76
0 14
0 85
0 21
1 50
1 96
0 76
0 89
1 68
1 19
0 68
1 51
0 2
1 40
0 47
1 85
0 96
0 40
0 50
1 17
1 48
1 15
1 25
1 87
0 25
0 90
0 51
0 87
1 58
1 65
0 85
0 58
1 88
1 61
0 15
0 17
0 19
1 96
0 88
1 75
0 96
1 21
0 65
0 21
0 75
1 13
1 73
1 75
0 61
0 75
0 48
1 16
1 14
1 15
1 9
1 33
0 73
0 33
0 14
0 16
0 13
0 9
1 23
1 16
0 16
1 67
1 42
0 15
1 51
0 67
0 42
1 34
1 60
1 52
0 60
1 68
0 34
0 23
1 95
1 33
1 24
1 46
1 50
1 53
1 88
0 68
1 29
0 24
1 59
0 50
1 39
1 12
1 40
0 95
0 39
1 54
1 43
1 89
0 12
0 88
1 81
0 43
0 52
0 33
1 60
0 40
1 40
0 59
0 89
0 81
0 54
1 96
0 96
0 29
1 11
1 47
0 46
0 51
0 40
0 53
0 47
1 53
0 53
0 60
0 11
1 66
0 66
1 21
1 63
1 23
1 80
1 42
1 94
0 94
1 89
1 79
1 32
0 79
0 80
0 23
1 3
0 3
0 89
1 19
0 21
1 85
1 78
0 78
1 3
0 63
1 66
1 67
0 32
0 67
1 48
0 19
0 85
1 63
0 63
0 3
0 66
1 13
0 42
0 13
0 48
1 38
0 38
1 72
0 72
1 18
1 90
0 90
0 18
1 13
0 13
1 71
1 12
1 45
1 60
0 60
1 28
1 3
0 12
0 28
0 45
1 67
0 3
1 86
0 71
0 67
0 86
1 23
0 23
1 13
0 13
1 32
0 32
1 33
0 33
1 47
0 47
1 62
1 56
1 35
1 79
1 99
1 43
0 79
1 36
0 62
1 57
1 17
0 35
1 62
1 50
1 94
1 61
0 43
0 57
1 83
1 25
0 17
1 14
0 99
1 33
0 94
1 2
0 62
1 94
1 96
0 33
1 89
1 55
1 97
1 99
0 61
1 88
1 33
0 2
0 97
1 5
1 78
0 89
0 78
1 57
1 6
1 21
0 88
0 33
1 8
0 5
0 55
0 21
1 60
1 4
0 94
0 6
0 83
0 60
1 54
0 14
0 96
0 25
0 56
0 50
0 99
1 76
0 4
1 96
1 32
0 76
1 39
1 88
0 96
0 39
0 54
1 11
1 64
0 8
0 57
1 10
1 38
0 11
0 38
0 32
0 10
1 52
1 72
0 36
1 28
0 52
1 93
1 18
0 28
1 99
1 43
0 93
0 18
1 75
1 15
0 64
0 15
0 75
0 88
1 81
0 43
0 99
0 81
0 72
1 90
1 14
1 68
0 90
0 68
1 40
1 83
1 19
0 40
0 19
0 14
0 83
1 51
1 72
1 100
0 51
1 22
1 67
1 88
1 13
0 67
1 81
1 21
0 81
1 43
0 43
1 45
1 71
0 100
1 29
0 22
0 29
1 62
0 88
0 21
1 47
1 53
0 47
1 42
1 25
1 27
0 72
1 57
1 38
0 27
0 62
0 13
0 71
1 100
0 42
1 41
0 45
0 100
0 57
1 18
0 38
0 41
1 23
0 53
0 25
0 23
0 18
1 6
0 6
1 95
1 20
1 96
0 95
1 85
0 96
0 20
1 44
0 85
0 44
1 94
1 54
0 54
0 94
1 40
0 40
1 35
1 48
1 89
1 47
0 47
0 89
1 53
0 48
0 35
1 99
1 94
1 5
0 5
1 8
0 99
1 16
1 35
0 8
1 95
1 88
0 95
1 54
1 34
1 56
0 88
1 74
0 74
1 36
1 60
0 60
1 26
0 36
0 35
1 4
1 8
1 5
0 34
1 33
1 57
1 19
1 47
0 54
1 20
0 56
1 68
0 33
0 20
0 5
1 5
0 26
0 57
0 68
1 6
0 94
1 10
0 5
1 28
0 53
1 11
1 84
0 4
0 19
1 40
1 50
1 63
0 16
1 25
1 7
0 7
1 56
1 9
1 5
0 50
1 85
1 95
1 86
0 84
0 8
0 86
0 63
0 25
1 99
1 80
0 56
0 10
0 5
1 36
0 36
1 2
0 85
0 11
0 9
1 77
1 1
0 77
1 17
0 47
0 6
0 17
0 80
0 40
0 99
1 10
0 28
0 95
1 84
0 1
1 42
1 95
0 2
1 76
0 42
0 84
0 10
1 55
0 76
0 55
1 31
0 31
1 35
0 95
0 35
1 80
0 80
1 94
0 94
1 44
0 44
1 26
0 26
1 88
0 88
1 80
0 80
1 21
1 90
0 21
1 91
0 90
1 15
0 15
0 91
1 13
0 13
1 98
0 98
1 92
1 18
0 92
1 32
0 18
1 26
1 74
0 74
1 55
1 80
1 69
0 69
1 27
0 80
1 7
0 32
1 63
1 68
