1000
1 75
1 52
0 75
1 18
0 18
0 52
1 17
0 17
1 33
0 33
1 39
0 39
1 43
0 43
1 6
1 86
0 86
0 6
1 61
0 61
1 8
1 5
1 55
0 8
0 5
1 96
0 96
0 55
1 35
0 35
1 27
1 59
0 59
0 27
1 70
1 9
0 9
0 70
1 20
0 20
1 6
0 6
1 33
1 64
0 64
1 52
0 33
1 78
1 73
1 46
1 92
1 74
1 61
0 46
0 73
0 78
1 69
0 61
1 54
1 61
0 92
1 63
0 63
0 69
0 54
1 58
1 22
0 61
1 17
1 45
0 74
1 53
0 17
1 50
0 50
1 80
1 9
1 47
1 12
1 34
0 58
0 45
1 39
1 84
1 35
1 75
0 12
0 52
1 17
1 95
0 53
1 85
0 80
0 35
0 75
0 17
1 79
0 47
0 84
0 95
1 37
0 79
0 22
0 9
1 56
1 67
0 85
0 67
1 32
0 32
0 34
1 1
1 94
0 94
0 56
0 39
1 16
1 92
1 65
1 99
0 16
0 99
1 9
1 21
0 21
1 56
1 13
1 44
0 13
0 1
1 43
1 91
1 78
1 38
1 80
0 38
1 45
0 91
0 9
0 80
1 46
1 7
0 78
0 43
0 56
0 7
0 46
0 45
0 92
1 30
0 37
0 44
0 30
1 75
0 75
0 65
1 61
1 48
1 75
1 78
1 70
1 63
0 70
1 46
1 3
1 37
0 46
0 75
1 55
0 63
0 37
0 61
1 10
0 10
1 98
1 95
0 98
0 48
1 60
1 2
1 28
0 60
0 55
0 95
0 28
1 11
0 3
1 70
0 70
1 32
0 2
1 12
1 98
1 49
1 25
0 32
1 36
0 78
0 49
1 18
1 93
1 28
1 42
1 31
0 36
1 21
0 21
1 24
0 28
1 71
1 65
1 53
0 12
1 85
0 11
0 98
0 42
0 24
0 25
0 71
1 14
0 14
0 85
0 31
1 45
1 91
1 68
1 63
1 64
1 32
0 32
0 68
0 65
0 63
0 91
1 16
1 81
1 90
1 80
1 20
0 16
1 76
0 64
0 93
0 81
1 74
1 83
1 42
1 43
0 18
0 45
1 44
1 92
0 44
1 62
0 53
1 96
0 80
0 43
0 92
0 96
0 62
1 33
1 38
1 14
1 77
0 42
1 34
0 20
0 74
1 12
0 90
1 15
0 76
1 1
1 40
0 34
0 14
0 1
1 41
0 41
1 72
1 78
1 16
1 97
0 12
0 15
0 72
0 16
1 84
0 38
1 100
1 44
1 26
0 100
1 55
1 15
0 44
0 84
1 50
0 83
0 50
0 15
1 5
1 79
0 40
1 66
1 8
0 78
0 55
0 26
0 77
1 28
1 51
0 28
1 65
1 89
1 12
0 65
1 78
0 12
0 97
0 79
0 51
1 69
1 10
1 21
0 21
1 63
0 5
1 81
1 3
1 73
0 81
0 8
0 63
1 59
0 33
1 8
0 69
0 59
1 4
0 8
1 53
1 67
0 10
1 70
1 90
0 73
0 4
1 20
0 67
1 71
1 83
0 90
1 73
1 37
0 66
0 73
1 50
1 81
0 37
0 70
1 87
0 50
0 71
0 20
0 53
0 3
0 81
1 70
1 45
1 7
1 28
1 63
1 16
0 70
1 10
0 45
0 63
0 28
0 83
0 10
0 16
1 6
0 89
1 77
0 77
1 88
1 84
1 89
1 29
0 88
0 78
1 8
1 45
0 7
0 84
0 87
0 6
1 14
0 8
0 45
0 29
1 33
1 52
0 33
0 52
1 64
0 64
0 14
0 89
1 94
0 94
1 35
0 35
1 58
0 58
1 56
0 56
1 40
1 24
0 40
0 24
1 99
0 99
1 21
0 21
1 85
0 85
1 12
1 96
1 46
0 96
0 12
1 68
0 46
0 68
1 76
1 18
0 18
0 76
1 25
1 85
0 85
1 76
1 93
0 25
1 64
0 93
1 52
1 95
1 6
0 6
0 64
1 46
0 95
1 53
0 52
1 86
0 46
0 53
0 86
1 18
0 76
1 59
0 59
1 77
1 38
1 71
0 38
1 40
0 40
0 77
0 71
0 18
1 6
1 76
1 100
1 72
1 28
0 76
1 13
0 28
0 13
1 66
1 9
0 66
1 96
0 72
1 43
1 80
0 100
1 7
0 9
1 90
1 47
1 24
0 6
0 43
1 8
1 25
1 79
0 90
0 79
1 53
0 7
1 13
0 24
0 25
1 40
1 5
1 22
1 48
1 64
1 77
1 18
0 77
1 57
0 22
1 34
1 6
0 47
0 80
1 95
0 34
0 8
0 18
0 95
1 22
1 8
1 32
1 41
0 32
1 24
0 48
0 24
0 57
0 5
1 98
0 6
1 92
1 97
0 53
1 50
1 46
1 90
0 8
0 90
1 29
0 46
0 64
1 87
0 98
1 63
0 29
1 88
0 88
1 79
0 63
0 50
0 22
0 41
0 92
1 14
0 14
1 18
0 79
1 29
1 2
1 7
0 2
1 9
0 13
1 25
1 85
1 33
1 89
0 9
1 91
1 66
1 98
0 85
1 2
1 85
0 91
0 85
0 98
0 96
0 18
0 25
1 86
1 77
1 88
1 95
1 21
0 77
0 86
1 54
1 37
1 70
0 2
1 30
1 27
0 95
1 45
0 29
1 28
1 8
1 93
1 94
0 87
0 28
0 21
1 55
1 53
0 8
1 52
1 68
1 67
0 33
1 19
1 56
0 19
0 7
1 57
0 54
0 56
1 81
0 66
1 23
1 19
1 34
1 56
0 97
1 38
1 32
1 1
0 52
0 23
0 68
0 67
1 79
0 88
0 30
0 89
1 69
0 70
1 68
0 94
1 23
1 25
1 29
1 91
1 100
1 51
1 46
1 92
1 17
0 29
0 92
1 94
1 35
1 31
1 3
1 64
1 73
0 46
0 57
0 79
1 18
0 94
0 23
1 36
0 37
0 25
1 76
1 2
1 67
1 11
1 20
0 32
1 74
0 18
0 74
0 11
0 31
0 38
0 55
0 100
1 82
0 27
1 59
1 4
1 70
1 5
0 73
0 91
1 49
0 19
0 67
0 5
1 71
0 51
0 93
0 59
1 85
0 49
0 3
0 53
1 46
0 64
1 41
1 96
1 63
0 76
0 71
0 41
0 4
0 63
1 18
1 94
0 2
1 21
0 69
0 1
1 62
0 46
0 81
1 53
1 55
0 55
0 94
0 62
1 38
0 82
0 68
1 26
1 89
1 47
0 21
0 70
0 53
0 17
1 69
0 85
0 89
1 71
1 7
0 20
0 35
0 26
1 35
0 18
0 40
1 15
1 58
0 69
0 58
1 66
1 39
1 57
1 25
1 76
1 20
0 15
1 33
0 25
1 18
1 44
1 37
0 35
1 62
0 7
1 53
1 21
0 71
1 46
0 57
0 21
0 20
1 100
1 27
0 56
0 44
0 38
1 81
0 39
1 93
1 48
1 49
1 70
0 49
0 33
0 62
1 35
1 58
0 46
0 53
0 27
0 36
1 82
0 37
0 34
0 81
1 86
0 48
0 47
0 18
1 83
1 34
0 93
0 70
1 63
0 100
0 83
1 26
1 73
0 26
1 11
0 45
1 43
0 58
0 35
0 43
0 73
0 96
0 76
1 43
0 63
1 84
0 11
1 22
1 94
1 15
1 11
0 86
1 25
1 9
1 96
0 15
1 24
0 84
1 10
1 16
1 77
1 18
0 94
0 66
1 61
0 34
1 58
0 82
1 42
0 9
1 78
0 77
0 24
1 100
1 81
1 12
1 44
0 44
0 25
1 13
1 23
1 62
1 3
0 11
0 78
0 42
0 58
0 96
0 12
1 59
0 81
1 9
1 51
1 81
1 53
1 58
1 17
0 51
0 81
1 93
0 93
1 87
1 60
1 50
1 42
1 45
0 10
0 58
0 59
1 99
0 43
0 60
1 79
0 50
1 6
0 6
0 99
0 42
1 46
0 79
0 13
1 81
0 22
1 8
0 62
0 53
1 10
0 16
0 17
1 60
0 61
1 11
1 30
0 8
1 79
0 87
1 8
0 45
0 10
0 3
1 1
1 29
1 10
0 30
1 73
0 23
1 13
0 10
0 11
1 55
0 73
1 6
0 13
1 11
0 81
1 47
1 53
1 43
1 51
0 79
1 64
1 56
0 1
0 29
0 55
0 64
0 53
1 35
0 60
1 32
0 18
1 4
1 19
1 93
1 57
0 6
0 100
0 51
0 11
1 94
0 9
0 46
0 19
1 99
0 56
0 35
1 38
0 94
0 99
1 99
1 84
0 43
0 8
0 93
0 4
1 96
1 71
0 38
0 96
0 99
0 32
0 47
1 30
0 30
1 100
1 15
1 61
0 61
1 85
0 84
0 71
0 100
0 57
1 75
1 27
