1000
1 11
1 69
1 34
0 11
0 34
1 36
0 36
1 27
0 69
1 67
1 6
1 9
1 10
0 27
1 81
1 97
0 97
1 7
1 38
0 7
1 69
0 9
1 17
1 33
1 1
0 33
1 52
1 7
1 64
1 100
0 10
1 97
0 69
1 88
1 8
0 100
0 67
1 83
1 53
1 57
1 49
1 92
0 81
1 2
0 53
0 2
0 83
1 90
1 51
1 95
1 89
1 32
0 51
1 28
0 1
0 90
0 8
1 26
1 90
1 98
1 99
0 17
0 88
0 52
0 7
1 23
0 92
1 55
1 50
1 29
0 28
0 49
1 69
1 70
0 23
0 50
1 31
1 78
0 95
0 70
0 90
1 11
0 98
0 64
0 69
0 78
0 99
0 31
1 8
1 66
0 89
0 57
0 55
1 62
0 97
1 17
1 84
1 96
1 24
0 11
0 62
0 26
1 71
0 29
0 84
1 29
1 10
0 10
0 66
0 29
0 96
1 33
1 95
1 72
0 17
1 54
1 46
1 56
0 8
0 54
1 42
1 60
1 96
1 88
0 38
0 6
1 19
1 34
1 51
1 75
0 75
0 72
1 4
1 3
1 44
1 9
1 98
0 33
1 59
1 62
0 19
1 11
1 43
0 56
0 88
1 45
0 9
1 57
0 62
0 57
1 29
0 43
1 35
1 27
0 71
0 42
0 32
0 24
1 1
0 11
1 24
1 5
0 98
1 76
1 36
0 24
1 40
1 6
1 88
1 100
0 5
0 36
0 96
0 6
0 3
1 43
0 29
1 18
1 72
0 46
1 77
1 91
1 67
1 38
1 9
1 25
1 46
0 35
0 46
1 41
1 78
0 9
0 27
1 36
0 43
0 67
1 23
0 34
1 63
1 2
0 1
0 44
1 14
0 76
0 77
0 4
0 78
1 62
0 18
1 11
0 60
0 36
1 84
1 36
0 45
1 20
0 11
0 51
1 22
1 19
0 95
1 54
1 32
1 89
0 19
0 23
1 8
0 14
0 89
1 79
1 11
1 64
0 20
0 63
0 8
0 54
1 37
0 11
1 73
0 2
1 4
0 59
1 80
0 73
0 37
1 30
1 85
1 75
1 27
0 25
1 23
0 84
1 21
0 38
0 85
1 24
0 91
1 60
0 27
0 64
1 59
0 40
1 44
0 23
0 4
1 39
1 25
1 82
1 26
0 32
0 39
0 80
1 49
1 15
0 100
0 25
1 7
0 44
1 78
1 12
1 96
1 8
0 7
1 43
0 49
1 5
0 82
1 33
0 33
0 36
1 52
0 72
1 63
0 52
1 57
1 81
1 10
1 11
0 10
1 80
1 61
1 51
1 47
0 15
0 51
1 89
0 96
0 43
0 30
0 5
1 69
0 26
1 2
0 24
1 52
0 8
0 52
0 79
0 62
1 42
1 79
1 64
0 80
0 89
1 89
0 60
1 77
1 54
1 30
0 63
1 23
0 59
0 75
1 14
0 61
0 81
1 10
1 13
0 41
0 22
1 75
0 12
0 54
0 89
0 30
0 64
0 57
1 3
1 53
0 53
0 3
0 79
0 69
0 88
0 47
0 23
1 62
0 77
0 11
0 78
0 75
1 38
1 75
0 62
0 10
1 1
0 13
0 1
0 38
0 2
1 23
1 65
1 33
0 21
0 42
1 100
0 14
1 14
0 65
0 23
0 14
0 100
1 10
0 33
1 27
0 10
1 43
1 67
0 43
0 75
1 89
1 78
0 78
0 89
0 67
1 12
0 27
1 91
0 91
1 30
0 30
1 32
1 42
0 42
1 64
0 12
0 64
1 8
0 32
1 59
1 33
0 59
0 33
1 40
0 40
0 8
1 21
0 21
1 91
0 91
1 7
1 98
1 50
0 50
1 19
1 6
1 22
1 25
1 13
1 8
1 2
1 30
0 19
0 30
1 9
1 56
1 11
0 11
0 9
1 54
0 25
0 13
1 16
1 57
1 100
0 6
1 19
0 100
1 59
0 19
1 17
1 25
0 8
1 96
0 7
1 18
0 25
1 62
0 96
1 52
0 52
0 22
1 36
0 2
1 4
0 17
1 46
0 18
1 25
1 33
1 58
1 87
1 8
0 33
1 89
0 57
1 90
0 56
1 21
0 25
0 4
1 60
0 62
1 70
1 68
0 46
1 76
0 90
1 61
1 7
0 7
1 90
1 29
1 91
0 91
0 61
1 96
0 90
1 82
1 69
0 29
1 100
0 8
0 21
0 98
1 49
0 100
1 53
0 49
0 54
0 36
1 88
0 96
0 53
0 88
1 71
0 69
0 16
1 27
0 27
1 74
0 76
0 87
1 77
0 58
1 30
0 30
1 69
1 52
0 74
1 33
1 2
1 44
1 5
0 89
0 77
0 71
0 5
0 33
1 67
0 67
1 73
0 59
1 29
1 22
1 89
0 82
1 19
0 70
1 74
1 51
0 74
0 22
1 18
1 70
1 81
1 17
1 26
1 21
1 83
1 71
1 6
1 53
1 72
0 60
1 42
1 98
0 81
0 26
1 74
0 83
0 42
0 6
1 91
1 88
0 18
1 76
0 70
1 63
1 34
0 19
0 76
0 88
1 70
0 34
1 57
0 74
0 68
0 69
1 64
1 68
0 63
0 68
0 89
0 44
0 29
0 98
0 51
0 73
1 50
1 62
0 2
0 17
0 57
1 68
0 52
0 72
0 71
1 25
0 68
0 21
1 13
0 91
0 62
0 13
1 32
0 70
1 72
1 42
1 51
0 51
1 54
0 50
1 17
1 55
1 18
1 98
1 75
0 18
1 18
0 17
0 25
0 64
0 75
0 55
1 11
0 18
0 53
0 32
1 58
1 46
1 55
0 98
0 72
1 92
0 46
0 92
1 18
1 35
1 20
1 87
0 87
1 95
1 34
1 44
0 18
0 42
1 61
0 35
1 6
0 61
0 44
1 88
0 88
0 55
1 84
0 11
0 20
0 54
1 33
1 30
0 30
1 67
1 35
1 31
1 72
0 84
1 96
1 68
0 35
1 81
0 81
0 67
1 80
0 96
1 21
1 40
0 21
1 86
0 34
1 12
0 68
0 72
1 62
1 49
0 6
0 58
1 17
1 15
0 62
0 49
1 60
1 10
1 56
0 60
1 48
0 12
0 86
1 5
1 72
0 56
1 82
1 64
0 80
1 16
1 12
0 17
1 41
0 48
1 2
1 38
1 84
1 59
0 5
0 33
0 82
1 5
0 16
0 10
1 46
0 12
0 15
1 3
0 40
1 36
1 90
0 2
0 95
1 27
1 79
1 39
0 59
0 79
1 6
0 64
0 90
0 3
0 39
0 46
0 31
0 72
0 36
1 15
0 41
0 6
0 84
1 76
1 14
1 82
1 35
0 14
1 97
1 63
1 96
0 63
1 55
1 43
1 46
0 15
0 76
1 86
1 32
0 38
1 44
0 35
0 55
1 26
1 45
0 43
1 60
0 60
0 27
1 7
0 96
1 22
0 46
1 52
0 7
1 62
1 46
1 65
0 65
0 97
0 22
0 46
1 92
1 79
1 95
1 91
0 86
1 63
1 69
0 45
0 79
0 91
0 52
0 92
0 95
0 69
1 80
1 72
1 55
1 20
1 73
0 32
0 55
0 62
0 82
1 77
0 73
0 5
0 44
0 77
1 11
0 72
0 26
1 61
1 38
0 11
0 63
0 61
0 80
1 62
0 62
0 38
0 20
1 81
0 81
1 74
1 43
0 43
1 16
0 16
0 74
1 81
1 92
0 81
1 65
1 38
1 43
1 46
1 90
0 65
1 23
0 43
0 46
1 28
0 38
1 57
0 57
1 40
0 40
0 92
1 95
1 24
1 68
0 24
1 19
1 2
0 68
1 17
0 2
0 95
0 17
0 28
1 53
0 90
1 42
1 48
0 42
1 42
0 23
0 42
0 19
1 13
0 13
0 53
1 85
1 87
1 25
0 25
1 30
1 60
1 50
0 60
1 7
1 14
1 63
0 14
1 19
0 85
1 57
1 77
1 32
1 28
1 100
0 100
0 63
0 19
0 50
1 63
0 77
1 64
0 63
1 17
0 48
1 3
1 58
0 87
0 64
0 28
0 32
0 57
0 30
0 7
1 4
0 4
1 26
0 26
1 54
0 54
1 72
1 84
1 81
1 55
1 40
1 13
1 33
1 87
1 10
0 84
1 71
0 58
0 81
0 87
0 17
0 3
0 71
0 33
0 40
1 73
0 10
0 72
1 70
0 70
0 55
0 13
0 73
1 64
0 64
1 88
0 88
1 19
0 19
1 36
0 36
1 43
0 43
1 86
0 86
1 2
1 90
0 90
1 98
0 2
1 37
0 37
0 98
1 47
1 33
0 47
1 74
0 33
1 25
1 41
1 20
1 57
1 2
0 57
1 19
0 2
0 41
1 28
1 21
1 71
1 44
1 12
1 10
0 28
1 98
