1000
1 98
0 98
1 43
0 43
1 49
0 49
1 66
1 77
1 83
1 84
0 66
0 84
0 77
0 83
1 96
1 56
1 87
1 74
1 31
0 31
0 87
0 74
1 10
0 10
0 96
1 17
0 17
0 56
1 80
1 25
0 80
0 25
1 8
0 8
1 19
0 19
1 52
1 76
0 52
0 76
1 33
0 33
1 85
1 1
1 2
0 85
0 1
0 2
1 89
0 89
1 21
0 21
1 60
1 99
1 49
0 49
0 99
1 61
0 60
1 71
1 48
1 34
0 61
0 34
0 48
1 84
1 97
0 97
0 84
1 76
0 76
0 71
1 34
1 35
0 34
1 59
1 45
1 42
0 45
1 36
1 6
1 64
0 6
0 36
0 35
1 61
1 53
1 69
1 55
1 22
0 53
0 69
0 42
0 64
0 61
1 53
1 71
1 58
0 55
1 32
0 22
1 30
1 44
0 58
0 71
1 52
1 18
1 75
0 59
1 2
0 44
0 53
0 75
0 52
1 63
0 32
0 30
1 24
1 40
0 2
0 24
1 87
0 18
1 19
0 63
1 54
1 6
0 87
1 23
0 19
0 23
1 83
1 38
1 39
1 12
1 74
1 14
0 12
1 69
0 14
1 52
0 39
0 38
0 40
1 16
1 55
0 55
0 6
0 74
1 75
1 59
0 69
0 54
0 16
0 59
1 3
1 87
1 22
0 52
1 37
0 37
1 60
1 9
0 3
1 1
1 12
0 60
0 22
0 1
1 60
0 83
0 87
0 75
0 12
0 9
0 60
1 75
0 75
1 84
1 2
0 2
0 84
1 3
0 3
1 33
1 24
1 71
0 71
1 50
0 33
0 50
1 90
1 63
0 63
1 93
0 90
0 93
0 24
1 47
0 47
1 1
1 10
0 1
1 100
1 26
0 10
1 91
1 33
0 26
1 16
1 47
1 72
1 59
1 69
1 48
0 72
0 59
1 49
1 42
0 47
0 48
0 49
1 1
0 42
1 97
0 69
0 1
0 91
0 97
1 76
0 100
1 94
0 33
0 16
1 26
0 94
0 26
0 76
1 43
1 31
0 31
1 50
1 71
0 50
0 71
1 40
0 43
0 40
1 49
0 49
1 35
1 86
1 30
0 30
1 60
0 60
0 86
1 44
0 35
1 52
0 44
0 52
1 52
1 38
1 62
1 27
0 52
1 67
0 38
1 3
1 23
0 67
0 23
1 53
1 79
0 79
1 24
0 53
0 27
0 3
0 24
1 92
1 90
0 90
1 68
1 57
0 68
0 62
0 57
0 92
1 36
0 36
1 75
0 75
1 7
0 7
1 39
1 80
1 66
0 80
0 39
1 26
1 4
0 26
0 66
0 4
1 27
1 8
0 27
1 30
0 8
0 30
1 37
0 37
1 23
1 35
1 71
0 23
0 35
0 71
1 44
0 44
1 94
1 97
1 18
1 90
1 68
1 63
1 56
0 90
0 63
1 8
1 17
0 97
1 31
0 17
0 68
0 56
1 51
0 94
1 34
0 31
0 18
1 1
0 51
0 8
1 84
1 69
0 84
1 81
0 34
0 69
0 1
1 14
1 38
1 97
0 81
1 4
0 14
1 61
1 22
0 38
1 72
1 32
0 72
0 97
1 78
0 61
0 4
1 39
1 67
0 67
0 22
1 62
0 78
0 62
1 79
0 79
0 32
0 39
1 30
0 30
1 65
0 65
1 84
0 84
1 31
1 66
0 31
0 66
1 91
0 91
1 6
1 41
1 75
1 55
0 6
1 53
0 75
1 30
1 1
1 70
1 17
0 70
0 53
1 96
0 96
1 94
0 55
1 21
1 31
1 79
0 17
1 84
1 40
1 13
1 15
0 84
1 97
0 79
1 36
0 36
0 97
0 13
0 40
0 15
1 25
0 1
0 30
1 11
1 47
0 94
0 11
1 81
0 25
0 21
1 55
1 26
1 9
0 55
0 9
0 81
1 17
0 41
1 3
1 91
1 100
1 68
0 26
0 68
1 71
0 17
0 31
0 91
0 3
0 71
0 100
0 47
1 7
0 7
1 43
1 41
1 82
1 11
1 93
0 41
0 93
1 64
1 71
0 64
0 71
1 87
0 87
0 43
0 11
1 21
1 57
1 63
1 97
0 82
1 10
0 63
1 99
0 21
0 57
1 84
0 99
0 97
1 14
0 10
0 84
1 11
1 51
1 89
1 49
0 89
1 83
1 28
1 99
1 47
0 14
0 47
0 49
0 28
1 54
1 22
0 51
1 88
1 12
1 14
0 11
1 33
1 58
1 53
0 58
0 14
0 88
0 83
1 20
0 99
0 33
1 5
0 54
1 1
0 1
0 53
0 12
0 20
0 22
0 5
1 90
0 90
1 71
0 71
1 45
1 46
0 45
1 43
0 46
0 43
1 93
1 27
1 87
0 27
1 90
1 23
0 93
1 44
0 44
0 23
0 90
1 20
1 42
1 37
1 26
1 21
1 32
1 100
0 21
1 67
0 42
0 67
1 21
1 82
1 41
1 49
0 37
1 76
1 78
0 100
0 41
0 49
0 20
1 28
1 10
1 41
1 64
0 21
0 87
0 78
0 32
1 79
1 69
1 37
1 83
1 48
0 76
1 61
0 48
0 64
0 82
0 79
0 83
1 90
0 61
0 90
0 28
1 22
0 69
0 10
0 22
0 41
0 26
0 37
1 53
1 54
1 37
0 53
0 54
0 37
1 72
1 46
0 72
0 46
1 47
1 3
0 47
0 3
1 91
0 91
1 43
1 13
1 6
1 16
0 43
1 72
0 6
1 59
1 85
1 42
0 85
0 42
1 9
1 97
1 81
0 59
1 5
0 16
1 91
1 38
0 5
0 38
0 91
1 42
1 66
0 81
1 83
1 58
0 9
1 51
1 69
0 97
1 36
1 38
1 1
1 37
0 66
0 72
1 2
1 62
0 83
0 69
1 30
1 60
0 37
0 30
0 36
1 78
1 50
1 95
1 37
1 79
1 47
0 95
0 60
0 51
0 79
1 72
1 74
1 61
1 79
0 42
0 1
1 46
0 74
1 32
0 32
0 37
1 90
1 18
1 9
0 46
1 26
0 38
1 28
1 87
1 34
0 62
0 78
1 10
0 9
0 79
1 100
0 58
1 3
1 11
0 3
1 85
1 27
0 26
0 11
1 23
0 13
1 55
1 74
1 29
0 72
1 46
0 74
1 92
0 87
0 27
0 50
1 1
1 3
1 12
0 3
1 86
0 85
1 27
1 8
1 64
0 27
1 35
1 11
1 62
1 91
1 5
1 79
1 66
1 83
0 34
1 51
1 81
1 48
1 84
0 83
0 12
1 41
0 18
0 5
1 68
1 57
0 91
0 57
0 68
0 2
0 47
1 5
1 33
0 11
0 79
1 50
0 86
1 91
1 7
0 66
0 48
1 65
0 7
1 82
1 74
1 36
1 63
0 61
0 55
1 34
1 68
1 30
1 14
0 8
1 69
1 15
1 20
0 92
1 78
1 89
0 35
0 36
0 10
0 63
1 16
0 89
0 33
0 64
0 81
0 1
0 41
1 42
0 68
0 74
1 99
1 4
1 98
0 46
1 66
1 70
1 11
1 24
0 84
1 6
1 60
0 20
1 45
0 50
1 92
0 78
1 12
1 85
0 65
1 31
1 93
0 51
0 29
0 16
1 7
1 95
1 43
1 32
1 76
1 37
1 8
1 1
0 99
1 72
1 71
0 95
1 53
1 52
0 85
0 100
0 7
0 69
1 26
0 92
1 95
0 71
0 26
0 53
1 33
1 96
0 60
0 43
0 34
1 60
1 97
1 68
1 16
1 88
1 56
1 67
1 73
1 74
1 54
0 31
0 66
1 48
1 92
0 14
0 52
0 6
0 76
0 95
1 25
1 40
0 54
0 48
0 11
0 16
0 37
0 45
1 69
1 22
0 40
1 37
0 28
0 62
0 32
1 21
0 72
0 33
1 39
0 97
1 83
1 20
1 41
0 88
0 21
0 83
0 5
0 60
1 5
0 8
0 4
1 83
0 96
1 33
1 55
1 59
0 69
0 37
1 43
0 43
0 83
1 43
0 73
0 56
0 20
0 23
0 92
0 98
0 55
1 85
0 68
1 11
0 1
1 17
1 61
0 30
0 17
0 59
1 6
1 94
1 54
1 77
1 32
1 2
1 98
1 97
1 80
1 92
0 24
0 25
1 59
0 67
1 83
1 51
1 86
0 2
1 71
1 68
0 90
1 23
1 1
1 62
0 86
1 87
1 24
1 56
1 95
1 34
0 1
0 74
1 88
1 40
0 92
0 15
1 84
0 85
0 80
0 23
1 85
1 49
0 40
1 19
1 96
1 37
1 52
1 50
1 75
1 18
0 11
1 66
0 34
1 25
0 85
0 24
1 31
0 12
0 43
1 24
1 8
1 17
1 12
0 62
0 70
0 93
0 75
1 89
1 20
