1000
1 85
1 17
0 17
0 85
1 96
1 49
1 45
1 6
0 49
0 96
0 6
0 45
1 9
1 97
1 34
1 20
1 50
1 6
1 33
0 33
0 20
0 97
1 22
1 4
1 40
0 34
1 34
0 6
1 17
0 9
0 22
1 19
0 4
1 62
1 43
0 34
0 19
1 25
0 25
1 53
1 97
1 12
0 40
0 62
1 18
1 98
1 65
0 97
0 50
1 93
1 33
0 33
0 43
1 64
0 64
1 76
1 67
1 95
1 1
1 19
1 44
1 89
1 3
0 98
1 49
0 49
1 38
1 74
0 95
0 89
0 17
0 53
0 93
1 63
1 20
0 20
0 1
0 19
1 36
1 46
1 53
1 37
1 33
1 41
1 95
0 41
0 36
1 98
0 33
1 68
1 14
0 67
1 13
1 91
0 12
0 14
1 19
1 6
1 55
1 64
0 46
1 51
0 98
1 27
1 1
0 44
0 3
0 27
0 18
0 19
0 74
0 38
0 1
0 37
0 68
1 26
0 51
0 26
0 64
1 41
1 64
1 66
1 19
1 77
1 44
1 96
0 19
0 64
0 13
1 28
0 76
1 73
1 10
1 40
0 91
0 66
0 65
1 75
1 17
0 55
1 85
0 41
0 53
0 77
0 10
0 96
0 95
0 28
1 65
0 17
0 75
1 68
0 65
0 44
1 71
0 6
1 58
1 41
0 73
1 28
1 64
0 71
1 12
0 68
0 41
0 28
0 64
1 98
1 59
1 6
1 38
1 82
1 56
1 18
0 85
0 40
0 82
0 63
1 8
1 52
1 74
0 38
1 91
0 74
1 89
1 92
1 71
0 6
0 98
1 34
0 91
1 84
1 98
0 98
0 84
1 66
0 12
1 19
0 52
1 88
1 17
1 20
0 17
1 22
1 77
1 69
0 20
0 66
1 61
0 22
1 11
0 19
0 69
0 71
0 59
0 11
1 76
0 56
0 76
1 63
0 61
1 38
1 99
1 83
0 63
1 5
1 39
0 83
0 89
1 98
1 87
1 14
0 34
1 7
0 18
1 56
0 8
0 38
1 71
1 8
0 87
1 94
0 99
0 7
1 10
1 33
1 72
0 14
1 47
0 33
0 58
1 45
1 11
0 71
0 77
0 92
0 10
0 56
1 51
1 83
1 14
1 9
1 36
1 97
0 83
1 35
1 30
0 14
1 69
1 37
0 51
0 30
1 25
0 69
0 45
0 9
1 17
0 37
1 64
0 72
0 36
1 57
0 94
0 57
1 13
0 88
0 39
1 91
0 25
0 91
0 17
0 64
1 15
1 99
1 87
0 98
1 93
0 11
1 67
0 8
1 74
1 80
1 94
1 48
1 57
0 93
0 13
1 55
1 27
1 84
1 49
0 80
1 16
0 5
0 48
1 93
1 98
0 74
0 87
0 57
0 93
1 100
1 64
0 64
1 58
1 32
1 37
1 42
1 5
1 62
1 28
0 58
0 67
0 62
1 46
1 76
0 98
1 66
0 42
0 15
0 99
0 55
1 26
1 6
0 27
0 5
0 26
0 97
0 76
0 94
1 52
1 48
1 87
0 48
0 100
0 28
0 52
1 100
1 72
1 11
1 3
1 50
0 37
0 46
1 51
0 11
0 100
1 88
0 47
1 27
1 22
1 13
1 41
0 88
0 72
1 67
0 66
0 35
0 3
1 23
0 27
0 41
0 87
1 41
1 24
0 49
1 60
1 97
0 50
1 91
1 7
0 22
0 51
0 60
1 88
0 41
1 30
0 23
0 84
0 6
1 23
1 85
0 32
0 88
1 92
0 30
0 85
1 83
1 14
0 16
0 91
0 83
1 88
1 98
0 98
1 69
1 34
0 34
0 24
0 88
1 91
1 85
1 56
0 7
0 14
0 92
0 85
1 39
1 72
0 91
0 13
0 23
0 69
1 1
0 1
0 72
0 39
0 97
0 56
1 17
1 30
1 55
1 39
0 39
0 67
0 55
1 68
1 48
0 30
1 1
1 84
1 28
1 49
0 48
0 49
1 35
1 90
0 17
1 56
1 44
0 1
0 44
1 97
0 90
1 42
0 42
1 45
0 97
1 19
1 59
0 19
0 84
1 8
1 38
1 83
0 45
1 97
0 38
0 83
1 17
1 93
1 14
0 59
0 35
0 28
0 68
1 6
0 14
1 42
1 7
0 17
0 6
1 76
0 76
0 97
1 100
0 100
1 43
1 95
0 42
0 93
1 66
0 7
1 10
1 88
1 39
1 9
0 8
1 52
0 52
0 43
1 33
1 31
0 88
1 84
0 56
0 10
1 27
1 78
0 27
1 79
1 60
0 60
0 31
1 91
0 79
1 64
1 19
0 84
0 19
0 66
1 97
1 100
1 40
1 29
1 79
1 46
1 22
1 23
1 57
1 11
1 92
1 98
1 84
0 100
1 3
0 22
1 49
1 6
1 4
1 35
1 83
1 26
1 86
1 20
0 97
0 9
1 85
1 51
0 83
0 40
0 85
1 54
0 91
1 10
0 86
1 71
1 80
0 79
0 71
1 55
0 6
0 51
1 59
0 39
1 73
1 30
0 35
0 10
1 52
1 12
0 20
0 64
0 4
0 55
1 77
1 74
0 52
1 45
0 74
0 11
0 3
1 47
1 50
0 80
0 26
0 92
1 44
1 3
1 60
0 33
0 47
0 84
1 20
1 47
0 44
0 12
1 66
0 46
1 93
0 23
0 54
0 30
0 47
0 59
0 49
0 29
0 50
1 59
1 13
0 78
1 2
0 66
0 77
0 20
1 17
1 52
0 57
1 94
1 23
0 17
1 99
0 95
0 73
1 100
1 7
0 45
0 52
0 100
0 98
0 94
1 94
0 99
0 60
1 18
0 94
1 41
1 97
1 4
1 19
1 1
0 23
1 29
0 4
0 13
1 75
0 59
1 68
1 51
0 29
1 90
1 23
1 50
0 7
0 18
1 47
0 90
1 73
0 75
0 19
1 61
1 28
1 52
1 19
0 41
1 83
1 46
0 51
1 48
1 100
0 93
1 62
0 48
1 74
0 74
0 62
0 23
1 39
0 73
1 4
0 47
1 26
0 19
1 57
0 52
0 28
0 26
1 70
0 3
0 57
0 68
1 78
1 86
1 59
0 1
0 61
0 70
1 92
0 50
1 34
0 83
1 87
1 44
1 76
0 4
1 73
0 100
1 26
1 77
0 39
1 21
1 27
0 92
1 28
1 96
1 67
0 76
0 46
0 21
1 88
0 27
1 72
0 78
0 72
0 59
0 86
0 87
1 65
1 78
1 91
1 23
1 25
1 40
1 45
1 72
0 88
0 91
1 33
1 15
1 63
1 49
1 19
0 78
1 41
0 28
0 77
1 54
1 27
0 49
1 9
0 63
1 84
1 46
0 84
1 16
0 44
0 25
1 13
0 96
0 13
1 74
1 24
1 80
0 26
1 56
1 25
0 2
1 47
0 25
1 94
0 9
1 48
0 41
0 48
1 9
0 97
1 2
0 27
0 47
0 24
1 93
0 16
0 2
1 3
0 3
1 75
1 11
1 21
0 67
0 46
1 47
0 33
1 29
0 65
1 16
1 12
0 11
0 40
1 62
1 83
1 7
1 32
0 56
1 63
1 46
1 76
0 80
0 74
1 74
1 33
0 74
1 64
0 47
1 47
0 34
1 30
0 46
0 7
1 78
0 29
0 45
0 76
1 5
1 34
1 76
0 78
0 83
0 47
0 15
0 72
1 82
1 27
0 33
0 9
0 82
0 64
1 97
0 75
1 49
1 88
0 54
0 30
0 5
1 100
0 94
0 63
1 33
0 93
1 40
0 12
1 60
0 27
0 33
1 3
1 1
0 1
0 34
0 49
1 41
1 77
0 21
1 66
1 85
1 5
1 36
0 41
1 47
1 67
0 40
1 68
1 98
0 73
0 68
0 100
0 62
1 14
1 15
1 79
1 57
0 79
1 4
0 97
0 88
0 98
1 12
0 66
0 67
0 60
0 36
1 36
1 59
1 39
0 19
0 12
1 24
1 81
1 83
0 36
1 33
0 39
1 44
0 33
0 16
1 64
1 25
0 59
0 15
0 3
1 19
0 14
1 20
0 25
1 9
1 82
0 44
1 49
1 3
0 19
0 57
0 3
0 83
1 22
0 32
1 62
1 98
1 10
0 9
0 24
0 77
0 85
1 74
0 49
1 75
1 44
0 44
1 70
1 31
1 99
1 96
0 5
0 31
1 55
1 92
0 55
1 83
0 4
0 74
1 1
0 83
0 64
1 74
0 70
0 82
0 92
0 22
0 75
0 99
0 62
1 50
1 65
0 76
0 50
1 2
1 82
0 2
1 19
1 31
0 20
1 20
1 72
0 1
1 21
1 99
0 65
0 20
1 49
0 98
1 40
1 83
1 41
0 31
0 21
0 83
1 16
0 49
1 61
1 88
1 60
1 63
0 88
