1000
1 67
1 65
0 67
1 21
0 65
0 21
1 98
0 98
1 69
1 64
1 78
0 64
0 78
0 69
1 87
0 87
1 4
1 35
0 35
1 78
0 78
1 100
0 100
1 54
0 4
0 54
1 74
0 74
1 51
0 51
1 71
1 39
1 28
1 60
1 96
1 86
1 76
0 60
0 71
0 28
1 58
0 96
0 86
0 76
1 21
0 58
1 16
1 30
0 16
1 98
1 97
0 39
0 97
0 98
0 21
0 30
1 35
1 5
0 35
0 5
1 1
1 59
1 53
1 67
1 72
1 43
1 83
1 63
0 43
1 19
1 30
0 59
0 63
0 30
0 67
0 53
1 4
0 4
0 83
1 69
0 1
1 36
0 19
0 36
0 72
0 69
1 34
1 38
0 38
0 34
1 19
0 19
1 41
1 13
0 13
0 41
1 77
0 77
1 55
0 55
1 76
0 76
1 34
0 34
1 28
1 49
1 88
0 49
0 88
0 28
1 13
1 17
1 53
0 53
0 17
0 13
1 36
1 59
1 68
1 81
0 59
0 68
0 36
0 81
1 72
0 72
1 21
1 52
0 52
0 21
1 81
1 75
1 46
0 81
1 74
0 46
1 9
0 75
0 74
0 9
1 92
1 44
1 35
1 36
1 11
0 36
1 19
0 11
1 77
1 37
1 39
0 77
0 37
1 7
1 3
1 20
1 32
0 7
1 67
1 15
0 32
0 35
1 10
1 66
1 28
0 92
1 41
0 15
1 25
1 4
0 28
1 70
1 48
1 2
0 70
0 39
1 13
1 62
0 41
1 90
0 67
1 83
1 5
0 62
0 20
0 4
1 79
1 45
1 58
1 26
0 66
0 3
0 79
1 6
1 14
1 47
0 83
1 79
1 73
1 46
0 10
1 4
0 90
0 79
1 33
1 23
1 22
1 59
0 73
1 40
1 9
0 4
0 6
0 59
1 1
0 2
1 36
1 68
0 33
1 15
0 48
0 36
0 22
1 88
0 44
1 50
1 59
1 30
1 27
0 59
1 78
0 46
0 58
1 34
1 60
1 91
0 40
0 88
0 27
1 48
0 25
0 15
0 68
0 5
1 87
0 45
0 1
0 13
1 28
0 19
0 48
0 28
1 100
0 30
0 14
0 50
1 12
0 47
1 24
0 60
1 86
0 87
0 23
1 63
1 19
0 91
1 1
0 78
1 30
0 86
0 19
1 88
0 12
1 51
1 67
0 67
1 41
1 47
1 21
1 27
1 52
1 73
0 1
1 45
1 75
0 52
1 37
0 47
0 63
1 58
0 21
0 100
0 24
0 45
1 83
1 56
1 94
1 8
0 94
0 27
1 38
1 77
0 58
1 76
1 45
0 8
0 30
0 77
1 84
1 47
0 83
0 9
1 96
1 99
1 98
1 68
1 50
1 24
1 85
0 96
1 66
0 75
0 76
1 14
1 20
0 34
0 88
0 50
0 26
0 38
0 47
0 20
1 72
0 99
1 6
0 51
0 66
1 8
0 37
0 68
0 8
0 56
0 24
0 45
1 50
1 45
0 6
1 97
0 14
1 21
1 9
1 36
0 36
1 36
0 72
1 6
0 6
0 97
1 54
1 65
0 45
1 75
1 5
0 21
1 53
0 98
1 39
0 85
1 83
1 40
0 53
1 53
1 55
1 28
0 73
1 37
0 37
0 54
0 9
1 46
0 28
1 71
0 65
1 28
1 66
0 50
0 55
1 80
1 78
1 76
1 10
1 20
1 13
1 42
1 98
1 91
0 71
0 46
1 21
0 80
1 45
1 54
1 73
1 71
0 76
0 71
0 54
1 67
1 12
1 89
1 62
0 10
0 41
1 2
0 98
1 44
0 20
0 36
0 73
1 36
1 43
0 53
0 28
0 45
0 75
0 39
0 62
1 65
1 81
1 97
0 89
0 5
1 50
0 12
0 42
0 97
1 93
0 43
0 50
0 91
1 43
0 93
1 91
0 65
0 40
0 83
1 56
1 37
0 21
1 20
0 67
0 37
0 66
1 52
1 53
0 81
0 44
0 2
1 95
0 52
0 53
0 43
0 20
1 53
0 78
0 13
0 53
1 46
0 36
1 93
1 37
1 14
1 81
1 86
0 86
1 73
0 37
0 93
0 73
1 15
1 68
1 64
0 46
0 68
1 98
1 1
1 41
1 25
1 82
0 56
0 98
1 5
1 50
0 25
0 15
0 64
1 67
1 77
1 2
1 51
1 34
1 73
1 13
0 14
1 83
1 9
1 49
1 79
1 74
0 83
0 2
0 74
0 73
1 39
0 9
1 52
1 19
1 2
1 69
1 3
1 80
1 92
1 96
1 40
0 5
1 78
0 2
0 51
1 97
1 51
1 83
1 24
1 27
1 2
1 60
0 95
0 60
0 27
0 78
0 19
1 85
1 4
0 49
1 70
0 41
1 41
1 30
1 31
0 81
1 53
1 6
0 69
0 97
1 8
1 32
1 18
0 52
1 86
1 78
0 91
1 27
1 29
0 32
0 6
0 70
1 48
0 39
0 92
0 24
1 17
1 74
1 36
1 54
1 20
0 67
0 51
1 10
0 3
1 7
1 97
0 30
1 87
0 18
0 17
1 23
1 99
1 59
0 87
0 50
1 52
0 40
0 80
0 2
0 78
0 59
1 50
0 77
0 74
1 56
0 54
0 53
1 87
1 17
0 20
1 93
1 70
0 50
1 74
0 41
0 52
0 17
1 37
1 94
1 98
0 27
0 94
0 99
0 7
1 44
0 87
1 99
1 35
0 83
0 74
0 36
1 74
0 79
1 49
0 35
1 40
0 40
0 97
0 96
1 11
1 68
1 87
1 50
1 51
0 98
1 76
1 59
0 82
0 51
1 88
0 48
0 49
1 71
1 62
1 12
1 89
0 31
1 90
1 5
0 86
0 5
0 50
0 11
1 17
1 28
1 22
0 85
1 50
1 32
1 69
1 66
1 60
0 89
1 14
1 91
1 18
0 90
1 72
1 97
1 95
0 32
1 48
0 14
1 2
0 18
1 21
0 34
1 75
0 10
0 17
0 29
0 87
0 62
0 93
1 24
1 3
0 56
0 3
1 77
0 4
1 92
0 97
0 77
0 44
0 68
0 8
0 66
1 64
1 87
0 48
0 99
0 13
1 18
0 23
1 13
1 81
1 65
0 24
1 3
0 65
1 23
1 17
1 73
0 73
0 64
1 44
1 86
0 22
1 55
0 59
1 73
1 35
0 2
0 71
1 54
1 94
0 95
1 49
0 18
1 95
0 54
0 86
0 13
1 86
1 32
1 9
1 40
0 12
0 55
0 74
1 13
0 37
1 83
1 41
0 87
0 95
1 37
0 86
1 25
0 76
0 41
0 25
1 20
1 71
1 74
1 46
0 75
1 67
1 22
1 93
1 29
1 95
1 96
1 41
0 46
1 47
1 6
0 70
0 88
0 60
0 28
0 67
0 40
0 69
0 22
1 8
0 20
0 21
0 29
1 19
1 79
0 3
1 75
1 70
1 97
0 84
1 21
1 34
1 48
1 76
0 49
0 47
0 74
0 71
0 48
1 60
1 86
1 90
0 94
0 13
0 95
1 84
1 71
0 96
1 74
1 88
0 88
1 51
1 54
1 31
0 17
1 98
1 39
0 8
1 13
0 91
1 45
0 83
1 20
1 77
0 92
1 14
0 1
1 26
1 99
1 40
1 22
1 52
1 46
1 15
1 78
0 46
1 38
1 4
1 5
1 7
0 75
0 45
1 53
1 94
0 19
1 42
0 4
1 61
1 43
0 22
1 75
0 72
0 26
0 78
0 71
1 82
0 44
0 34
0 13
0 21
0 90
0 60
1 21
1 30
0 20
0 38
0 54
1 38
1 95
0 97
1 47
0 84
1 2
1 62
1 8
1 4
1 10
0 50
1 83
0 2
1 24
1 96
0 9
1 13
0 62
0 21
0 6
0 52
0 75
1 16
1 68
1 44
1 12
0 7
0 31
1 100
0 77
1 17
1 25
0 93
1 56
0 41
1 26
1 87
0 16
0 10
1 41
0 99
1 71
1 72
0 74
1 45
1 16
0 76
1 46
1 74
0 14
0 26
0 98
0 5
0 42
0 79
0 86
0 56
1 9
1 60
0 40
1 7
1 92
0 96
1 57
1 62
1 93
0 17
0 74
1 86
1 58
1 10
0 61
0 38
1 52
0 51
0 41
1 97
1 96
0 60
0 30
0 86
1 29
0 97
1 2
1 78
1 84
1 69
0 10
1 77
0 23
1 1
1 74
0 83
1 3
1 97
1 98
0 1
1 99
0 81
1 80
0 44
0 16
1 75
1 76
0 46
1 19
0 87
1 34
0 69
0 97
1 67
1 23
1 30
1 26
0 57
1 10
0 45
1 14
0 12
0 96
0 14
0 9
0 93
1 69
0 94
0 34
0 68
0 13
0 95
1 9
1 49
1 93
1 54
