1000
1 86
0 86
1 53
1 91
1 37
1 10
1 35
0 35
0 91
1 76
0 76
0 53
1 17
1 81
1 20
1 25
1 41
1 80
1 12
1 87
0 81
1 29
0 20
1 34
0 25
1 46
1 44
0 46
0 80
1 4
1 45
0 4
1 6
1 50
1 33
1 13
0 29
0 33
0 50
1 90
1 25
0 90
0 12
1 97
1 84
0 87
0 41
0 97
1 85
0 84
0 45
1 35
0 10
1 87
1 64
1 93
1 94
1 76
0 37
1 86
1 88
0 6
1 2
1 4
1 59
0 4
0 34
0 44
0 93
0 13
0 88
0 17
1 28
1 55
0 85
1 13
1 4
1 51
1 72
1 18
0 28
1 56
0 64
1 22
0 2
0 25
1 26
0 22
1 100
1 89
0 87
1 29
0 35
1 77
0 77
0 4
1 12
1 82
0 51
1 50
1 11
0 50
0 86
0 13
0 72
1 19
0 18
1 70
0 70
0 89
0 29
0 100
0 94
0 55
0 59
1 8
0 56
1 55
0 82
1 48
0 11
1 64
0 19
0 8
0 76
1 52
1 51
0 51
0 52
0 64
0 26
1 71
0 55
0 48
1 91
1 28
1 8
0 12
1 35
0 71
1 41
0 35
1 52
0 52
1 67
1 11
0 8
0 67
0 41
1 25
1 26
0 28
1 12
0 25
0 11
0 26
1 11
0 11
1 84
0 84
0 12
0 91
1 81
1 43
1 27
0 27
0 43
1 67
0 67
1 67
0 67
1 66
0 66
0 81
1 55
1 87
1 50
1 3
0 87
0 55
0 50
1 60
1 99
1 26
0 60
1 57
1 11
1 65
0 3
0 99
0 26
1 94
1 81
0 11
1 53
0 57
0 81
0 65
1 87
1 37
0 94
1 46
1 54
1 13
0 37
1 15
0 87
0 15
0 46
0 54
0 13
1 47
1 30
0 47
1 82
1 20
0 30
0 82
0 53
1 89
1 12
1 90
0 12
1 16
1 96
1 40
0 96
0 90
0 16
0 89
0 20
0 40
1 89
1 53
1 72
0 72
0 89
1 68
1 34
1 18
0 18
1 29
1 18
0 34
0 29
1 74
1 67
1 27
0 68
0 27
1 11
0 18
1 19
0 53
0 19
0 67
1 48
1 83
1 30
1 47
1 88
0 74
1 6
1 94
1 74
1 89
1 44
1 10
1 25
0 94
1 7
1 28
1 12
0 89
1 67
1 2
1 89
0 89
0 28
1 51
0 7
1 64
0 48
0 6
0 44
1 23
0 2
1 40
1 95
0 11
1 99
0 67
0 95
0 25
1 25
0 64
0 74
1 1
0 25
1 31
0 1
0 99
1 69
1 63
1 87
1 33
1 2
1 64
1 21
0 30
0 12
0 64
0 88
1 15
1 41
1 16
0 40
0 33
1 85
0 87
1 25
1 48
1 50
0 69
0 15
1 65
1 26
1 38
0 31
0 83
1 88
0 48
0 47
1 24
0 25
0 88
1 53
0 2
1 90
1 36
1 68
0 53
0 24
1 43
0 50
0 68
1 17
1 29
0 21
0 26
0 16
0 85
0 65
1 80
0 36
0 29
0 43
1 60
0 80
1 49
1 33
0 23
1 68
0 41
1 80
0 68
0 63
0 90
1 92
0 49
1 30
0 30
0 10
0 51
1 50
0 17
0 92
0 60
1 81
1 100
1 90
0 81
0 50
1 42
0 33
1 1
0 100
1 62
0 1
1 43
1 50
1 93
1 87
1 23
1 5
0 23
1 45
0 5
0 43
1 47
1 78
0 90
1 9
0 80
1 80
0 9
1 49
1 81
0 38
1 68
1 21
0 80
0 87
0 78
0 49
0 93
0 42
0 45
0 62
1 94
0 81
1 60
0 50
1 76
0 76
0 21
1 3
0 68
0 60
0 3
1 8
0 47
1 69
0 69
0 94
0 8
1 70
0 70
1 20
0 20
1 29
1 1
0 29
1 97
1 75
1 49
1 3
0 97
1 88
0 3
0 49
0 88
1 89
0 75
1 42
1 25
1 71
0 89
1 31
0 25
0 1
0 42
1 73
1 69
1 36
0 31
1 16
1 3
0 36
1 46
0 73
1 24
0 16
0 24
1 66
1 84
1 90
1 25
0 25
0 71
1 26
0 84
1 99
0 26
0 99
1 70
0 90
1 27
1 7
0 46
0 70
0 66
0 3
0 7
0 27
1 16
1 4
0 69
0 4
0 16
1 74
0 74
1 35
1 65
0 35
1 78
0 78
0 65
1 31
0 31
1 18
1 33
1 22
0 22
1 12
0 33
0 18
1 65
0 65
0 12
1 63
0 63
1 80
1 34
1 6
0 34
0 6
1 98
1 41
1 60
1 83
0 83
1 76
1 62
1 28
1 8
0 62
0 8
0 80
1 89
1 57
1 10
0 28
0 89
1 86
1 11
0 98
0 11
0 10
0 76
1 80
1 72
0 60
0 72
1 60
0 80
0 86
1 34
0 60
1 32
0 34
1 33
1 30
1 24
0 30
0 57
0 33
0 32
1 47
1 82
0 41
1 18
0 82
1 1
1 79
0 47
0 18
1 63
1 65
1 37
1 9
1 3
1 30
0 1
0 24
0 79
1 31
0 3
0 9
1 5
0 65
1 56
1 23
1 2
0 23
1 58
0 37
1 27
0 27
1 60
1 61
0 61
1 64
1 93
0 31
1 1
0 1
0 63
1 54
0 58
0 60
0 2
1 65
0 5
1 66
1 99
1 48
0 30
1 24
0 64
0 65
1 8
1 35
1 47
1 84
1 95
1 68
1 44
1 36
0 56
1 50
0 99
0 47
1 43
1 100
1 52
0 100
0 95
1 39
0 24
0 84
0 44
0 35
0 8
1 34
0 39
0 43
0 52
0 93
1 17
0 54
1 75
1 37
1 43
0 34
1 18
1 57
0 43
1 5
1 23
1 34
1 15
0 68
1 8
1 9
0 50
0 17
1 74
0 57
1 69
1 76
1 84
0 69
0 66
0 74
0 76
0 5
0 18
0 37
1 26
0 34
0 9
0 23
0 84
1 68
1 77
1 57
0 8
1 96
1 46
0 46
1 58
1 89
0 57
1 5
0 68
0 26
0 77
1 9
1 83
1 1
1 18
1 87
0 15
0 18
0 75
1 62
1 84
0 48
1 50
1 92
1 76
1 93
1 77
0 93
1 22
1 57
0 57
1 33
0 62
1 49
0 58
1 30
0 22
1 31
0 89
0 30
0 33
1 94
1 95
0 84
1 30
1 54
0 1
1 16
1 34
1 56
1 93
0 92
1 70
1 75
0 94
0 16
1 3
0 54
0 30
1 47
0 5
0 47
0 87
1 15
1 79
1 97
1 32
0 93
1 66
0 97
1 84
1 26
1 37
1 67
1 43
0 37
0 76
1 85
0 79
1 46
0 15
0 31
1 59
0 43
1 38
0 34
0 46
0 70
0 32
1 34
1 30
0 50
1 86
0 86
0 85
1 91
0 36
1 97
0 59
0 9
1 78
1 23
1 41
1 2
1 8
0 23
0 84
0 83
0 97
1 80
0 56
0 8
0 3
1 31
1 21
0 38
0 21
1 4
0 26
0 49
1 23
1 82
0 78
1 56
1 81
0 41
0 31
0 56
0 23
1 31
0 80
1 51
0 96
0 51
1 3
1 51
0 81
1 94
1 41
1 96
1 79
1 5
0 91
1 78
0 67
1 35
0 2
0 94
1 40
0 4
1 47
0 66
1 91
0 34
1 88
0 88
0 40
0 31
0 5
0 91
0 95
1 87
1 50
0 51
0 79
1 44
1 37
0 37
0 41
1 85
0 77
0 87
0 82
1 98
0 98
1 12
1 31
1 23
1 43
0 75
1 79
0 43
1 53
1 18
0 18
1 16
1 70
1 88
0 50
1 87
0 87
0 16
0 96
0 35
1 67
1 38
1 100
1 32
1 1
0 32
0 67
0 44
1 82
1 13
1 81
0 13
1 16
1 80
0 47
0 12
0 38
0 70
0 82
1 49
1 8
1 82
0 82
0 79
1 35
0 88
1 67
0 78
0 80
0 81
0 85
1 94
1 99
1 70
0 16
0 94
1 77
0 23
1 46
1 5
1 25
1 32
1 2
1 80
0 80
0 77
1 62
0 62
0 25
1 80
1 93
1 71
0 30
0 1
0 2
0 93
1 40
1 66
1 4
0 8
1 6
1 90
0 4
0 5
1 78
0 40
0 3
1 54
0 32
0 71
1 32
0 90
0 66
1 12
1 64
1 36
1 48
0 64
0 31
1 40
0 70
1 61
1 89
0 99
0 61
0 36
0 6
0 40
0 67
1 29
0 53
0 29
1 40
1 24
0 54
1 90
0 48
1 47
0 90
0 47
1 79
1 34
0 12
0 46
1 59
0 34
1 2
0 35
0 32
0 78
0 89
1 3
0 100
1 19
0 3
1 3
0 40
1 43
1 31
