1000
1 56
1 97
0 97
0 56
1 99
0 99
1 62
1 64
1 93
0 62
0 64
1 85
1 53
0 93
1 83
0 53
0 85
0 83
1 1
0 1
1 60
0 60
1 26
1 77
0 26
0 77
1 16
0 16
1 26
0 26
1 56
0 56
1 49
1 84
0 84
0 49
1 23
0 23
1 70
0 70
1 75
1 87
0 75
1 85
1 63
1 54
0 87
1 3
0 3
0 85
0 54
0 63
1 81
1 8
0 81
0 8
1 59
1 64
0 64
1 54
0 59
1 6
1 7
0 7
1 64
0 54
0 64
1 22
0 6
0 22
1 39
0 39
1 58
0 58
1 2
1 43
0 2
1 24
1 47
0 47
0 24
0 43
1 12
1 73
1 20
0 12
0 20
1 41
0 73
1 33
0 41
1 99
0 33
1 69
1 43
0 69
1 86
1 4
0 86
0 43
1 47
1 89
1 100
1 40
0 89
0 40
0 47
1 30
1 18
0 4
0 100
0 99
1 52
1 100
1 73
1 78
0 52
0 30
1 74
1 64
1 66
0 66
0 74
0 78
0 100
1 14
0 14
1 94
0 73
1 29
1 54
0 18
1 50
0 54
0 29
1 3
1 79
0 94
1 26
1 42
0 64
0 42
1 48
0 79
1 75
1 39
1 36
1 70
1 91
0 50
1 59
0 39
0 26
0 48
0 59
0 91
0 3
0 36
0 75
1 32
1 91
0 70
1 16
1 33
1 81
1 4
1 65
0 33
0 81
0 16
1 88
0 91
1 52
0 88
0 52
1 100
0 100
1 96
1 52
0 4
0 32
1 80
1 83
1 64
0 83
1 59
1 48
1 76
0 80
1 26
1 42
0 48
0 59
1 77
0 65
0 26
0 42
1 83
1 51
1 44
1 78
1 33
1 79
1 55
0 76
1 34
1 80
0 33
0 83
1 87
1 32
0 64
0 77
1 70
0 80
0 51
1 56
0 52
1 92
1 98
1 65
1 91
1 83
0 83
1 16
1 35
1 39
1 83
1 45
1 72
0 56
0 39
1 5
1 80
0 16
1 6
1 88
0 92
1 10
0 80
0 79
1 1
1 68
1 73
1 51
1 95
0 72
1 52
0 96
1 33
0 34
0 78
0 51
1 74
0 35
1 75
0 5
0 87
1 27
0 52
0 33
0 6
0 75
1 78
1 69
1 19
0 32
0 44
0 45
0 55
1 52
0 74
0 52
1 47
0 69
1 84
0 78
0 10
0 84
0 88
0 47
0 27
0 68
1 80
0 65
0 1
0 73
1 89
1 60
1 21
1 96
1 84
1 50
1 22
1 55
0 89
0 84
1 53
0 50
0 19
0 96
1 19
0 80
0 55
0 21
0 91
1 84
1 68
0 22
0 19
1 90
1 36
0 90
0 36
1 61
0 53
1 18
0 84
1 34
1 32
1 84
1 44
0 18
1 63
1 55
0 70
1 75
1 64
0 32
0 55
0 83
1 80
0 63
1 62
0 98
0 62
1 10
0 61
0 64
1 73
0 73
1 96
0 84
1 7
1 8
1 78
1 61
1 13
1 38
0 75
0 61
0 34
0 44
0 68
1 55
1 76
0 60
0 76
1 99
0 78
1 3
1 90
0 90
0 38
1 83
0 55
0 7
0 10
0 99
1 21
0 13
1 17
1 45
1 71
0 80
1 59
1 51
1 84
0 21
1 54
0 45
0 17
1 52
0 84
0 52
0 51
0 8
0 83
0 59
1 56
0 56
1 94
1 63
1 67
1 29
1 1
0 94
0 54
0 67
1 92
1 93
0 93
1 44
0 95
1 31
1 9
1 2
1 48
1 4
1 75
0 4
0 75
1 34
1 69
1 17
1 37
1 67
0 29
1 35
1 4
1 36
1 59
0 3
1 47
0 35
0 67
1 40
0 48
0 92
0 63
1 67
0 37
1 35
1 91
0 40
0 1
0 2
0 67
1 72
1 92
1 68
0 69
0 96
1 81
0 47
0 92
1 30
1 8
0 8
1 8
0 4
1 88
1 15
0 9
0 35
0 88
1 4
0 34
0 17
0 59
1 51
0 8
0 91
0 4
0 36
0 68
0 71
0 72
1 60
0 51
0 15
0 81
1 29
0 29
0 30
1 85
1 2
1 73
0 31
0 73
1 29
1 83
0 60
1 45
1 53
0 2
1 60
0 44
1 51
1 15
1 3
0 51
0 83
1 94
1 73
0 85
0 45
0 29
0 94
1 75
1 81
1 54
1 58
1 51
1 25
1 84
0 75
0 54
1 7
1 21
0 73
0 58
0 51
1 95
0 81
0 60
0 15
0 3
1 24
0 7
1 61
1 74
1 48
1 88
1 4
0 61
0 48
0 53
1 30
0 25
0 84
0 21
1 45
0 45
0 4
0 74
1 83
1 100
1 87
1 82
0 30
0 24
1 99
0 99
0 95
1 40
0 100
1 71
0 83
0 71
1 83
0 82
0 40
0 87
0 88
1 100
1 59
1 24
0 59
0 83
1 72
0 24
1 97
0 97
1 39
1 97
0 39
0 97
0 100
1 11
0 72
1 100
0 100
0 11
1 74
1 7
0 74
1 28
1 17
0 28
1 84
1 65
1 86
1 48
0 7
0 17
1 40
1 88
0 84
0 40
1 15
0 48
0 15
1 17
0 88
0 65
1 80
1 77
1 4
1 59
1 93
1 24
1 78
0 78
1 73
1 6
0 24
0 17
1 20
0 80
1 13
1 14
0 13
1 42
0 14
1 69
1 82
1 19
0 20
0 42
0 73
0 19
1 83
1 76
1 32
0 83
0 86
1 31
0 69
0 82
0 76
1 34
1 94
0 34
1 64
1 65
0 4
1 25
0 93
0 65
1 63
1 5
0 5
1 81
0 6
1 93
0 31
1 65
0 25
0 94
0 59
1 85
0 32
0 77
0 65
1 46
0 81
0 46
1 29
0 29
0 85
0 64
1 15
0 93
1 100
0 100
0 15
1 93
0 93
0 63
1 36
1 3
0 3
1 52
0 52
0 36
1 73
0 73
1 44
1 52
0 44
1 58
0 52
1 1
0 58
1 98
0 1
0 98
1 34
1 72
1 24
0 72
1 70
0 24
0 70
0 34
1 79
0 79
1 12
1 88
1 60
1 57
0 57
0 88
1 29
1 96
1 17
1 57
0 29
1 20
0 96
1 51
0 17
0 12
0 60
0 57
0 20
1 45
1 69
0 69
1 75
1 65
0 45
0 65
0 51
1 99
0 99
1 40
1 60
1 56
0 75
1 32
1 70
1 42
1 85
0 42
1 11
1 75
1 68
1 36
0 70
1 54
0 75
1 88
1 78
1 13
1 55
1 89
1 93
1 44
1 57
0 68
0 40
1 46
1 16
0 16
0 60
0 32
1 43
1 98
1 50
0 85
1 45
0 56
1 17
1 68
0 46
1 73
0 88
0 17
1 74
1 59
1 84
0 74
1 87
1 66
0 73
0 43
0 78
1 69
0 50
0 59
1 75
0 11
1 51
0 13
1 20
1 23
0 23
1 12
1 96
0 44
1 70
0 66
1 67
0 57
1 46
1 86
0 86
1 44
0 45
1 11
0 20
0 44
0 12
1 85
1 63
0 70
1 33
0 55
1 90
0 75
1 22
1 86
0 85
1 2
1 52
0 36
0 33
1 64
0 2
1 27
0 89
1 77
0 69
1 9
0 87
0 86
0 63
1 47
0 90
0 11
0 96
0 93
1 11
1 10
0 27
1 96
0 11
1 93
0 93
1 5
0 22
1 83
0 64
0 67
1 26
0 84
0 77
0 46
0 52
0 68
1 31
0 26
0 51
0 96
0 9
1 6
0 31
1 21
1 39
1 27
0 6
0 21
0 83
0 47
1 99
0 5
1 2
0 54
1 65
0 27
1 57
1 88
0 2
0 39
1 34
1 74
0 34
0 65
1 52
0 74
1 30
1 20
1 39
1 61
1 50
1 22
1 35
1 79
1 89
1 76
1 1
0 39
1 40
1 86
1 55
1 90
0 89
0 52
1 87
1 62
0 10
0 30
1 58
1 65
1 54
1 36
1 77
0 87
1 38
1 74
0 55
1 13
1 68
0 90
1 15
0 99
1 63
1 39
1 11
1 9
1 82
0 61
0 62
1 59
0 11
0 9
1 73
1 66
0 59
0 79
1 8
0 8
0 54
1 53
1 100
1 59
0 1
0 13
1 72
0 50
1 17
1 29
0 53
0 100
1 30
1 33
0 57
0 72
0 66
1 67
1 7
0 74
0 20
0 77
1 49
0 38
1 50
0 59
1 32
0 7
1 87
1 60
1 44
0 40
0 73
0 63
0 36
1 77
0 49
1 18
1 63
1 59
1 25
0 29
1 16
1 85
0 76
0 87
1 19
0 18
1 75
0 85
1 36
1 83
0 88
0 82
1 41
1 6
0 41
0 22
0 58
1 87
1 100
1 99
0 86
1 86
0 65
1 97
