1000
1 84
0 84
1 89
1 87
0 87
1 80
0 80
0 89
1 17
0 17
1 28
1 64
1 23
0 28
0 64
0 23
1 70
1 47
1 19
0 70
0 19
0 47
1 98
1 95
0 98
0 95
1 98
0 98
1 53
0 53
1 75
1 39
0 39
0 75
1 91
1 34
0 91
1 21
0 34
0 21
1 13
1 44
1 42
1 21
1 91
0 21
0 91
0 44
1 27
0 42
1 92
0 27
0 13
0 92
1 84
1 7
1 30
0 84
0 7
1 59
0 59
0 30
1 59
0 59
1 62
0 62
1 99
0 99
1 90
1 65
0 65
0 90
1 53
0 53
1 8
0 8
1 93
1 76
0 76
0 93
1 100
0 100
1 94
0 94
1 99
1 98
0 98
0 99
1 2
1 51
1 74
0 51
1 81
1 72
0 74
0 2
0 81
0 72
1 65
0 65
1 48
1 22
1 95
1 12
0 95
0 22
0 48
1 66
0 12
0 66
1 35
1 47
1 48
0 48
1 45
0 35
0 47
1 12
0 12
1 68
1 36
1 25
0 25
0 45
1 94
1 26
0 94
0 26
1 69
1 21
0 69
1 56
0 21
0 36
0 56
0 68
1 58
1 66
1 85
0 85
0 58
0 66
1 60
1 39
0 39
0 60
1 57
1 70
1 13
1 29
1 72
1 5
0 13
0 57
1 37
0 5
1 47
1 3
1 90
1 71
1 55
1 21
0 29
1 10
0 70
0 47
0 72
0 10
0 90
1 54
0 37
0 3
1 100
0 71
0 21
1 84
0 55
1 35
1 30
1 62
0 54
0 100
0 35
1 42
1 43
1 5
1 85
1 61
1 92
0 43
0 5
0 92
1 50
1 95
1 91
0 84
1 52
1 43
1 33
1 87
1 19
0 95
1 96
0 96
0 33
1 28
1 58
1 15
1 38
0 62
0 61
0 50
0 30
1 13
1 1
0 15
1 44
1 29
0 87
1 41
1 98
0 98
1 48
0 91
1 46
0 85
1 10
0 46
1 22
1 68
1 82
0 22
1 64
1 14
1 79
0 68
1 23
1 18
0 29
0 13
1 39
0 44
1 40
0 38
1 27
0 58
1 38
1 32
0 19
1 33
0 43
0 40
0 48
1 83
0 18
1 15
0 32
0 41
0 38
1 53
0 33
0 39
0 83
1 62
1 68
1 7
0 68
0 42
1 20
1 63
1 29
1 94
0 29
1 2
0 62
1 89
1 93
0 52
0 27
0 1
1 16
1 24
0 93
0 28
0 94
1 66
0 24
1 43
1 73
1 21
0 63
1 41
0 73
1 27
0 41
0 43
0 14
0 27
1 87
1 11
0 89
0 66
0 64
0 2
1 25
1 81
1 4
0 21
0 87
0 16
1 84
0 15
1 55
0 25
1 48
0 4
1 63
1 26
1 44
0 23
1 70
1 90
1 71
1 86
0 44
0 63
0 7
0 82
1 39
1 13
0 26
1 72
0 71
0 10
0 13
1 50
0 55
0 86
0 70
0 72
1 97
1 52
1 46
0 39
0 52
0 46
0 53
0 97
1 39
0 79
0 81
1 14
0 90
1 95
1 56
1 57
1 40
1 98
0 20
1 12
0 84
0 56
1 90
0 14
1 74
1 47
0 50
1 38
1 94
0 90
0 11
1 5
1 8
0 39
0 47
0 74
0 8
0 5
0 98
0 95
1 39
1 75
0 48
1 43
1 41
1 78
1 21
1 42
1 50
1 96
0 12
0 57
0 96
0 40
1 4
1 24
0 50
1 54
0 78
0 38
0 41
0 75
1 82
0 43
0 82
0 21
0 24
0 4
1 65
1 69
0 94
0 69
1 74
1 14
1 50
0 54
1 70
0 70
1 59
0 42
0 59
1 11
1 37
0 74
1 81
0 11
0 65
1 43
1 25
1 7
1 3
1 9
0 14
0 25
0 3
1 75
0 39
0 9
1 56
0 81
0 43
1 96
1 43
0 37
1 60
1 6
0 6
0 7
0 96
0 50
0 60
0 43
0 56
0 75
1 17
1 89
0 17
0 89
1 81
0 81
1 9
0 9
1 7
0 7
1 18
1 52
1 87
0 52
0 18
0 87
1 100
1 27
1 61
1 29
1 46
1 43
1 30
0 43
1 95
0 30
1 90
1 73
0 27
0 95
0 61
0 46
1 39
1 88
1 24
0 88
0 29
0 100
0 90
0 39
0 24
0 73
1 35
1 37
0 35
0 37
1 31
1 22
0 31
0 22
1 58
0 58
1 68
1 16
1 38
1 81
0 38
0 81
1 22
0 22
1 80
0 80
1 3
0 3
1 71
1 92
0 16
1 16
0 68
0 16
1 88
1 54
0 88
1 22
0 54
1 62
0 22
1 77
0 77
1 52
1 32
1 72
1 43
1 41
0 62
1 98
1 8
1 80
0 41
0 80
0 72
0 52
1 18
1 99
0 18
1 79
1 57
1 45
0 43
1 75
0 92
0 79
0 57
1 46
0 99
1 34
1 72
0 98
1 26
0 34
1 31
1 23
0 71
1 47
1 27
0 8
1 39
1 53
1 28
0 28
1 42
0 53
0 42
0 72
0 27
1 90
0 31
0 39
1 72
0 75
0 72
1 96
1 80
1 82
1 15
0 26
1 24
0 15
1 31
0 32
0 23
1 13
0 47
1 84
0 45
1 71
1 17
0 24
1 1
0 46
0 1
0 80
0 17
1 56
0 82
1 91
0 84
1 40
0 31
0 91
1 24
0 96
0 24
1 38
1 80
0 13
1 76
0 40
1 74
0 74
1 72
1 53
1 85
0 80
1 77
1 13
1 43
0 72
0 38
0 43
1 46
0 53
1 36
0 36
0 13
1 2
0 2
1 31
1 54
1 17
0 17
0 56
1 91
1 96
1 4
1 27
1 99
1 78
0 85
0 27
1 79
0 76
0 96
1 39
0 4
1 92
0 31
1 95
1 16
1 8
0 77
0 16
0 91
1 80
1 94
1 98
0 95
1 21
0 46
0 71
0 39
1 57
1 72
0 8
1 67
0 90
0 57
1 100
0 80
1 66
1 38
1 18
1 39
0 18
1 6
1 85
0 21
0 92
1 80
0 79
1 51
0 72
0 98
1 87
1 3
0 94
0 3
1 79
0 99
0 67
1 25
1 81
0 25
0 39
0 38
0 80
0 87
0 51
1 16
0 78
1 30
0 30
0 54
1 36
0 16
0 100
0 36
0 66
1 72
0 6
0 72
1 76
1 48
0 81
0 79
1 57
0 85
1 66
0 57
0 66
0 48
0 76
1 21
1 12
1 86
1 2
0 21
1 13
0 86
1 14
1 17
1 100
0 17
1 33
1 24
0 12
1 72
0 33
1 12
0 24
0 72
1 71
0 12
1 32
1 21
0 14
0 2
1 56
1 93
1 1
1 12
0 1
1 76
1 47
0 13
1 62
1 22
1 19
1 81
1 88
1 33
0 22
1 99
0 47
0 76
1 75
1 91
0 91
0 12
1 31
0 62
0 71
1 41
0 41
1 3
1 63
0 88
0 75
0 93
1 64
0 81
0 21
0 56
1 78
0 100
1 43
0 99
0 43
1 87
0 78
0 19
1 34
1 59
0 31
0 34
0 3
1 97
0 63
1 2
1 8
0 2
0 33
0 64
1 51
1 15
0 8
1 14
1 84
0 59
1 54
0 14
1 33
0 32
0 33
0 51
0 54
0 15
0 84
0 97
0 87
1 10
0 10
1 31
0 31
1 87
1 46
0 46
0 87
1 41
1 43
0 43
1 63
0 41
0 63
1 88
1 97
0 88
0 97
1 85
1 83
0 85
0 83
1 84
1 82
1 16
0 16
0 82
1 19
1 34
1 64
0 84
1 35
1 84
1 83
0 83
1 44
0 64
0 35
0 44
0 34
0 84
1 59
1 52
0 52
1 48
0 19
1 72
0 72
0 59
0 48
1 9
1 15
0 15
0 9
1 87
1 9
1 37
0 87
0 37
0 9
1 91
0 91
1 59
1 69
0 69
0 59
1 2
0 2
1 82
0 82
1 33
0 33
1 13
0 13
1 26
1 16
1 27
1 66
1 9
1 8
0 66
1 59
0 9
0 59
0 8
0 16
0 26
1 67
1 61
1 12
1 6
1 20
0 12
1 70
1 7
0 67
0 7
0 27
1 41
1 54
1 92
1 52
1 42
0 92
0 6
1 92
0 70
0 20
0 41
0 92
1 72
1 90
0 42
1 7
0 61
0 90
0 72
0 7
1 7
1 29
1 37
0 52
1 84
0 29
1 42
0 42
1 31
1 82
1 85
0 31
1 34
1 88
1 47
1 86
0 37
0 54
0 88
1 31
0 47
0 34
1 40
0 84
0 7
0 86
1 58
1 15
0 58
0 31
0 85
0 40
0 82
1 42
0 15
0 42
1 64
1 42
0 42
0 64
1 80
1 78
0 78
0 80
1 65
0 65
1 47
1 59
