1000
1 44
0 44
1 67
0 67
1 43
1 61
1 18
0 43
0 61
0 18
1 19
0 19
1 48
0 48
1 85
0 85
1 94
1 47
1 8
1 14
0 8
1 61
1 35
0 14
1 32
0 61
0 35
1 72
1 48
1 10
1 65
1 18
0 65
1 36
0 36
1 74
1 95
0 18
0 95
0 48
1 15
1 2
0 94
0 47
1 56
1 13
1 19
1 61
1 23
1 25
1 84
1 22
0 2
1 98
0 72
1 16
0 74
0 13
0 98
0 22
0 23
0 15
0 32
1 71
1 36
1 28
0 84
1 22
1 32
0 22
1 3
1 1
0 10
0 56
0 25
1 46
1 65
0 61
0 32
0 16
0 65
0 46
0 36
1 94
1 87
1 83
0 28
1 31
0 3
1 28
0 71
0 31
0 1
1 60
0 94
0 83
1 15
1 17
0 15
1 14
0 17
0 87
1 32
0 19
1 97
0 14
0 28
1 81
1 55
0 81
1 16
1 69
1 73
1 8
0 97
1 85
1 36
0 69
1 51
1 47
1 45
0 51
1 71
1 30
1 65
0 32
0 36
0 85
1 64
1 37
1 63
0 73
1 48
0 71
1 89
0 63
0 89
1 77
1 49
0 55
0 48
1 66
0 49
0 47
0 77
0 66
0 45
0 8
1 51
0 60
0 16
1 17
1 61
0 65
0 51
1 34
1 74
1 48
0 34
1 12
0 74
0 61
1 28
1 2
1 9
1 65
0 28
1 13
0 30
0 17
0 2
1 67
1 72
1 8
0 37
0 13
1 3
0 48
0 64
0 72
0 65
0 8
0 67
0 3
1 5
0 9
0 12
0 5
1 28
1 10
1 6
0 10
1 70
0 28
1 31
0 70
1 38
0 6
0 38
0 31
1 87
1 42
1 85
0 85
0 42
1 16
0 87
1 37
0 16
0 37
1 16
1 36
0 36
1 96
0 16
1 72
1 86
1 89
0 86
1 99
1 61
1 56
0 61
0 56
1 83
0 96
0 99
1 51
1 32
1 95
0 83
1 75
1 22
1 58
1 11
1 4
0 95
1 85
1 12
0 72
1 8
0 4
1 7
0 75
1 40
1 31
1 81
0 11
0 40
0 58
1 72
1 75
0 51
0 89
1 24
0 85
0 7
0 81
1 97
0 22
1 40
0 97
0 72
0 75
1 42
0 32
0 8
1 2
0 42
1 96
1 85
0 31
1 22
1 34
1 23
1 72
1 78
1 45
0 24
0 12
0 23
1 30
0 85
0 40
0 45
0 34
1 9
0 9
1 23
1 100
0 30
1 43
1 28
1 92
0 28
0 22
1 73
1 56
0 2
1 63
1 37
1 9
1 91
1 11
0 63
0 37
0 9
0 23
0 91
0 56
0 78
1 60
1 55
0 100
0 72
0 96
0 11
1 46
0 43
0 46
1 24
0 24
0 55
1 86
1 15
1 72
1 74
0 72
1 97
1 78
0 86
0 92
0 74
0 15
0 60
0 78
1 67
1 78
0 67
1 74
0 74
0 73
0 78
1 99
0 99
1 54
1 27
0 54
1 58
0 97
1 77
0 77
1 35
0 27
1 10
0 35
0 58
1 55
1 47
0 10
1 66
1 6
1 77
0 6
0 47
1 62
0 55
1 68
1 50
1 63
1 8
1 32
0 66
0 63
1 23
1 92
1 76
1 22
0 8
0 32
0 76
0 50
1 82
0 62
0 77
0 82
0 22
0 92
0 23
0 68
1 30
0 30
1 48
0 48
1 44
1 43
1 37
0 44
1 84
0 37
0 84
1 23
1 36
1 82
1 8
1 86
0 8
1 7
1 55
1 63
1 53
1 20
0 86
0 55
1 49
1 44
1 25
1 21
1 45
0 49
0 44
1 3
0 82
1 77
1 79
1 34
1 42
0 36
0 3
1 26
1 58
0 53
1 39
0 20
1 22
1 93
0 34
1 78
0 79
1 6
1 86
0 77
1 44
0 58
1 3
0 45
1 15
0 86
1 46
1 27
0 23
0 21
1 8
1 5
0 39
0 42
1 71
0 26
1 45
0 7
1 7
1 18
0 45
1 9
0 22
1 52
0 8
0 71
0 3
1 98
0 46
1 12
1 71
1 19
1 23
0 25
0 43
1 21
1 37
1 13
1 28
1 99
0 78
0 63
1 43
1 89
1 91
1 14
1 16
0 13
1 50
0 98
1 60
0 28
0 19
0 60
0 27
1 28
1 59
0 5
1 73
0 93
1 100
1 10
0 50
0 10
0 71
0 59
1 68
0 44
1 92
0 92
1 35
1 51
0 37
0 73
0 35
0 28
1 13
1 42
0 18
1 70
0 9
1 1
0 89
1 63
1 2
0 100
0 23
0 63
0 68
0 21
1 90
1 53
0 6
0 53
0 51
1 28
0 70
1 95
0 95
0 28
1 45
0 43
0 90
0 2
1 86
1 53
1 76
0 16
1 87
1 58
1 69
1 16
1 44
0 91
1 40
1 77
0 69
0 40
0 12
0 13
0 53
1 23
1 84
1 17
1 18
1 60
0 87
0 52
1 50
1 67
0 58
0 45
0 18
0 1
0 23
0 17
0 86
0 15
1 8
1 55
0 76
0 44
1 68
1 86
0 8
0 50
0 67
1 67
0 7
1 7
1 87
0 68
0 84
1 10
1 33
0 42
0 14
1 70
0 87
1 59
1 31
1 48
0 59
0 33
1 28
0 86
1 19
1 56
0 70
1 38
1 57
0 19
1 17
1 36
0 57
1 26
1 58
1 8
0 99
0 38
0 7
0 28
0 58
0 60
0 67
1 70
1 29
0 48
0 77
0 17
1 1
1 92
1 67
0 56
0 70
1 81
0 92
0 1
0 81
1 18
0 55
1 27
1 50
1 48
1 35
0 48
1 12
0 50
0 16
1 51
0 35
1 88
1 13
1 59
1 56
0 18
0 29
0 59
0 12
1 62
0 67
1 91
0 56
1 81
1 70
1 89
1 32
1 72
0 27
0 91
0 31
1 85
0 10
1 75
1 100
0 89
0 70
0 72
0 26
0 88
0 100
1 64
0 51
0 75
1 97
0 62
1 12
1 49
0 32
1 71
1 33
1 18
1 53
1 57
1 39
1 82
0 8
1 20
0 64
1 59
0 12
0 39
1 99
0 85
1 51
1 88
1 58
1 40
0 88
1 14
0 33
1 37
1 73
1 68
1 62
0 82
1 96
1 72
0 53
1 53
1 33
1 100
0 72
1 9
1 42
0 37
0 14
1 77
0 53
1 70
0 51
1 24
0 97
1 80
0 24
0 59
1 59
1 63
0 77
1 39
0 68
1 76
1 54
0 39
0 40
0 54
1 60
1 19
0 20
1 29
0 100
1 50
1 10
1 90
0 9
1 61
1 3
0 3
1 68
0 18
1 37
1 98
0 90
0 71
1 64
1 51
0 96
1 71
0 71
0 61
0 42
1 11
1 78
0 70
1 25
1 26
1 6
0 29
0 60
1 82
1 45
1 46
1 60
0 11
1 100
1 1
0 82
0 73
0 64
0 26
1 82
1 79
1 27
0 58
1 94
0 62
1 42
0 37
0 98
1 39
0 1
0 10
1 96
1 53
0 25
1 47
0 53
0 45
1 18
0 19
0 96
1 52
1 67
0 79
1 87
1 92
0 68
1 19
0 52
0 42
0 39
0 99
0 49
1 89
1 32
1 20
1 95
0 87
0 20
0 57
1 71
1 23
1 2
0 60
0 89
0 94
1 66
0 51
0 82
1 55
0 27
1 34
0 6
0 19
1 11
0 36
0 13
0 95
1 7
0 71
0 92
1 85
0 59
0 50
0 11
0 34
1 88
1 15
1 26
0 47
1 58
1 65
1 51
0 78
1 99
0 66
0 26
0 32
0 55
1 89
1 45
1 19
1 69
1 74
1 52
1 47
1 82
0 81
1 32
1 91
1 11
0 74
1 43
1 6
0 6
0 100
0 46
0 91
1 27
1 91
1 72
1 57
0 72
0 2
0 32
1 12
1 86
0 86
1 77
1 66
1 44
1 29
0 12
1 12
0 47
0 33
1 46
1 1
0 58
1 100
0 43
0 51
0 99
1 73
0 7
0 76
0 19
0 11
1 60
1 4
1 13
1 36
0 69
1 68
1 81
0 81
0 73
0 45
1 7
0 57
1 30
1 90
1 72
1 24
0 85
0 52
0 89
0 72
1 64
0 24
0 90
1 31
1 99
1 61
0 31
0 65
0 82
0 64
1 64
1 33
1 93
0 29
1 20
1 42
0 60
1 65
0 64
0 42
0 18
0 61
1 8
0 20
0 88
1 96
1 9
0 15
0 67
1 73
0 73
1 70
1 10
1 82
0 68
0 10
0 27
0 66
0 99
1 69
1 87
0 44
1 49
1 88
1 37
1 44
1 2
1 38
1 17
0 33
1 21
0 80
1 33
1 10
0 63
1 74
1 18
1 53
1 3
1 35
