1000
1 31
1 86
0 31
0 86
1 80
1 27
1 35
0 35
0 80
1 35
1 28
1 71
0 27
1 40
1 67
0 71
1 3
1 24
1 9
1 45
0 35
1 27
1 76
1 18
1 63
1 48
1 47
1 86
0 9
0 76
0 24
1 68
1 5
1 31
1 6
0 68
0 31
0 5
0 48
1 55
1 8
1 2
0 67
1 68
1 90
1 77
0 40
0 45
1 60
1 75
0 75
0 68
1 57
1 11
1 72
1 38
1 52
1 80
1 81
1 61
0 27
1 33
0 47
1 85
0 6
0 11
0 57
1 51
0 8
1 54
1 65
1 84
1 34
1 78
0 28
0 33
1 17
0 65
0 54
1 57
0 60
1 19
0 61
1 59
0 63
1 25
0 90
1 61
0 38
0 51
0 34
0 17
0 61
1 33
1 71
0 2
0 25
0 85
0 86
0 33
0 52
1 82
0 55
0 59
1 63
1 91
1 79
1 96
0 57
0 82
0 71
1 55
1 39
0 80
0 3
1 94
1 64
0 55
0 63
0 18
0 96
1 28
1 69
0 72
0 78
1 37
0 79
0 91
1 2
0 64
1 79
0 2
1 93
0 94
1 80
0 19
0 28
0 80
1 20
1 71
1 66
1 24
0 66
0 84
0 71
0 24
1 25
1 99
1 89
0 37
0 93
1 13
0 99
0 13
0 81
1 65
0 20
0 89
0 25
1 72
0 69
0 72
0 39
1 93
1 66
1 18
0 66
1 39
1 66
1 76
0 76
1 17
1 22
1 91
1 58
0 77
0 93
1 35
0 39
1 29
0 17
0 58
1 85
0 29
0 66
1 15
0 18
0 79
0 15
1 73
1 69
1 80
0 91
0 69
0 22
1 18
0 73
0 80
0 35
0 18
1 62
1 100
0 62
1 23
0 85
1 43
1 12
1 67
0 67
1 70
0 100
0 43
1 97
1 92
1 4
1 27
0 65
0 70
1 39
0 12
1 83
0 92
1 34
1 63
1 40
0 4
1 86
0 23
0 40
0 63
0 27
1 89
1 9
1 96
1 20
1 93
1 14
0 39
0 89
1 50
0 83
0 50
0 14
1 7
1 95
0 95
0 93
0 96
0 20
0 97
1 58
1 3
0 3
1 55
0 55
0 7
1 97
1 98
1 29
0 86
1 5
1 87
0 34
0 29
1 59
1 24
0 97
0 9
0 24
0 59
1 9
0 9
1 27
1 31
0 31
0 87
0 58
1 56
0 5
0 56
0 98
1 35
0 35
0 27
1 65
0 65
1 16
0 16
1 86
1 62
1 84
1 60
1 23
1 63
1 50
0 60
1 70
1 19
1 99
0 99
1 31
0 62
0 70
0 86
0 31
1 9
0 19
0 50
0 63
1 71
1 6
0 23
1 88
1 70
0 84
1 99
0 6
1 45
0 9
0 88
1 72
1 63
0 63
0 70
1 77
0 99
0 71
0 45
1 81
0 72
1 38
1 95
0 95
0 77
1 86
0 81
1 17
1 22
0 38
1 51
0 86
1 48
1 80
1 59
0 17
0 22
1 14
0 80
1 24
0 14
0 48
1 17
0 59
1 68
1 18
1 100
0 17
1 47
0 68
1 15
1 85
0 100
0 51
1 82
1 79
1 4
1 89
0 15
1 76
1 88
0 88
0 82
1 10
1 19
1 13
0 89
1 93
0 85
0 13
1 15
0 19
1 61
1 13
1 65
1 12
1 36
1 21
0 24
0 12
0 36
1 73
0 15
0 76
0 65
0 93
1 91
1 65
1 57
1 55
0 4
1 36
0 57
0 47
0 55
1 35
0 10
1 22
0 36
1 20
1 56
1 68
1 66
0 21
0 20
0 22
1 67
0 79
0 66
1 53
1 22
1 69
0 69
0 56
0 22
1 63
0 13
1 24
1 20
1 49
0 65
1 19
0 20
0 67
1 57
1 89
0 61
0 18
0 19
1 82
1 14
0 68
0 63
0 35
1 35
0 89
0 82
1 70
1 52
0 70
1 81
0 57
0 53
0 35
0 24
0 52
1 6
0 14
1 50
0 91
1 24
1 99
1 12
0 99
1 89
1 58
0 24
0 81
0 89
0 6
1 4
0 12
0 49
0 73
1 73
0 58
0 4
1 24
1 34
1 91
1 2
1 5
0 5
1 3
1 66
1 81
0 73
0 91
1 30
1 68
1 46
0 30
1 60
1 47
1 78
1 11
0 3
0 66
0 68
0 47
0 34
1 55
0 78
1 85
1 13
0 60
1 57
0 55
0 11
1 3
0 85
0 24
0 46
1 7
0 81
1 45
1 61
1 56
1 4
0 61
0 3
0 7
0 50
1 36
0 45
0 56
0 2
0 13
0 57
1 52
1 1
1 13
0 4
0 52
0 36
1 15
1 36
1 81
1 7
1 64
1 31
1 60
1 8
0 7
1 9
1 28
1 2
1 37
0 36
0 2
1 21
1 2
1 29
1 85
1 38
0 64
0 28
1 87
1 94
0 31
1 10
1 11
1 71
0 71
0 2
0 81
1 71
0 87
0 38
1 72
1 38
0 72
1 72
0 71
1 12
0 37
1 56
0 9
1 18
0 10
1 83
1 51
0 51
0 8
1 20
0 85
0 94
0 20
1 74
1 54
1 4
1 98
1 10
1 59
0 29
1 63
1 14
1 17
1 61
0 21
1 2
1 80
1 50
1 34
0 1
1 73
0 54
1 64
1 62
1 29
0 80
1 84
1 57
0 10
0 72
1 19
1 47
1 85
1 39
1 16
0 18
0 57
1 41
1 65
0 29
1 20
0 20
1 70
0 84
1 20
0 61
1 92
1 97
0 4
1 77
1 80
1 42
1 30
0 15
0 85
1 85
0 17
0 13
0 92
0 16
0 42
0 64
1 99
0 63
0 97
0 41
1 6
1 48
1 40
1 55
1 41
1 21
1 22
0 34
1 78
1 45
1 49
0 83
0 21
0 6
1 88
0 98
0 30
1 93
1 16
1 75
1 13
0 41
0 75
1 28
0 2
0 49
1 95
1 31
1 36
1 3
1 61
1 34
1 23
1 21
0 28
0 11
1 100
0 99
1 89
0 95
1 52
1 71
1 53
0 59
1 24
1 95
1 68
1 76
0 21
1 72
1 59
1 32
0 77
0 39
0 71
0 48
0 100
1 10
0 40
0 34
1 17
1 63
0 50
1 25
1 64
1 48
0 55
1 66
1 54
0 12
0 56
0 78
0 65
1 49
0 13
0 64
1 71
0 48
0 23
1 75
0 49
0 32
1 6
1 92
0 73
0 62
0 3
1 67
0 88
1 43
1 48
0 10
0 80
1 81
1 64
1 32
1 86
1 73
0 53
0 92
1 91
0 63
1 96
1 57
0 66
1 97
0 59
0 25
1 18
1 41
1 79
1 77
1 49
1 82
0 67
1 25
1 15
0 22
0 38
0 97
0 93
1 21
1 33
0 82
0 76
1 50
0 81
1 97
1 62
0 41
0 77
1 51
0 36
0 45
1 69
0 24
0 21
0 71
0 49
0 97
1 10
1 30
0 68
0 51
0 74
0 91
1 44
0 50
1 1
1 58
1 63
0 70
1 53
1 76
0 6
1 78
1 12
0 96
1 21
1 40
0 44
1 42
1 8
1 55
1 22
1 46
1 84
1 98
0 57
0 25
1 4
0 4
1 87
0 1
0 95
1 44
1 41
1 23
0 15
0 17
1 65
1 15
0 22
1 26
1 59
0 26
0 79
1 66
0 66
1 11
1 57
1 6
0 19
0 59
0 23
1 34
0 63
0 34
1 49
0 15
0 62
0 84
1 99
0 98
1 88
0 87
0 78
0 21
0 33
1 1
1 24
0 48
1 7
0 7
0 64
1 4
0 44
0 10
0 49
1 44
1 96
1 74
1 33
0 31
1 13
1 71
1 97
1 17
1 45
1 7
1 77
0 20
1 66
1 62
1 31
1 84
1 63
1 87
0 99
1 78
0 17
1 34
0 58
1 50
0 76
0 69
1 35
1 48
0 47
0 18
0 41
0 31
1 67
1 76
1 49
0 13
0 33
1 98
0 84
0 14
1 47
1 51
0 34
1 23
0 7
0 87
1 56
1 13
1 10
0 61
1 25
1 5
0 46
0 45
1 90
1 100
1 21
1 45
1 64
1 26
0 47
1 79
0 43
1 7
1 68
1 87
1 38
1 58
1 69
0 51
0 100
0 53
1 59
0 89
0 45
1 9
1 61
0 54
1 89
0 24
0 48
0 90
1 14
0 98
1 95
0 6
1 83
1 70
1 80
0 40
0 77
1 81
1 77
1 33
0 75
1 75
0 73
0 89
1 20
0 83
1 83
0 58
1 91
1 82
1 19
1 73
1 53
0 56
0 42
0 49
0 88
0 12
0 32
0 7
0 19
0 50
0 76
0 5
0 91
0 71
0 25
1 91
0 72
1 12
1 71
1 7
0 91
0 97
0 61
1 88
