1000
1 96
0 96
1 55
0 55
1 67
0 67
1 91
1 45
1 20
0 91
0 45
1 57
1 31
0 57
1 82
0 82
0 31
1 69
0 20
0 69
1 24
0 24
1 13
0 13
1 79
1 15
0 15
1 17
0 79
1 86
0 17
1 10
0 10
0 86
1 32
1 9
1 100
0 100
1 74
1 52
1 31
0 9
0 32
1 75
0 31
1 3
0 74
1 34
1 57
1 32
0 3
0 75
1 85
0 57
1 19
1 39
1 79
0 79
1 28
1 89
0 19
0 28
1 35
0 52
1 65
0 89
0 32
1 23
0 85
1 68
1 16
0 39
0 35
1 57
0 16
0 23
1 91
1 58
1 76
1 38
0 38
0 76
0 34
0 57
1 20
0 58
0 68
0 65
0 20
1 92
1 74
1 66
1 28
0 66
0 28
1 45
0 91
0 92
1 37
1 4
1 83
0 83
1 67
1 15
0 4
1 26
0 74
1 28
1 77
0 28
1 96
1 66
1 92
1 36
1 86
1 12
1 3
0 77
0 3
1 87
0 15
1 95
0 95
1 23
0 45
0 37
1 93
1 41
0 92
1 79
0 67
1 22
1 18
1 27
0 86
0 22
0 66
1 60
0 18
0 93
1 64
1 50
1 97
1 81
1 7
0 81
0 41
1 69
0 50
0 60
1 98
1 6
1 43
0 97
0 7
0 26
0 98
1 72
1 5
1 75
1 74
1 68
1 88
0 96
1 24
0 69
1 44
0 36
0 5
1 40
0 44
1 52
0 40
0 6
1 98
0 74
0 75
0 98
0 52
0 87
0 12
1 11
0 43
0 64
1 89
1 14
1 40
0 24
1 49
0 89
1 64
0 23
0 64
0 72
1 98
0 11
1 64
0 40
1 57
1 99
1 82
1 26
0 88
1 37
1 100
1 78
0 99
0 98
1 19
1 20
1 72
1 13
1 15
0 14
1 9
0 9
1 80
0 78
0 15
1 9
0 79
0 82
0 27
0 9
0 49
1 89
1 71
1 15
0 80
1 34
1 14
1 81
1 77
0 20
1 11
0 81
0 57
1 82
1 56
0 100
0 34
0 72
0 64
0 19
0 26
0 14
1 59
0 56
1 60
0 59
0 77
0 82
1 83
1 85
0 11
0 60
0 13
1 67
0 67
0 68
0 85
1 50
1 90
1 63
1 2
1 6
1 51
1 10
0 51
1 93
1 94
0 10
1 57
1 8
1 3
1 65
0 83
0 2
1 48
0 50
1 17
1 100
0 17
0 100
0 48
0 89
1 72
0 8
1 33
0 3
0 33
1 96
0 6
0 57
0 96
0 63
1 50
1 95
1 66
1 68
0 95
0 68
0 93
1 98
1 93
0 66
1 55
1 12
1 22
0 93
1 68
1 73
1 82
1 3
1 26
1 4
0 15
1 2
1 5
1 28
0 94
0 3
0 98
0 2
0 50
0 22
0 65
0 68
0 28
1 60
0 71
1 24
0 24
1 78
0 37
0 26
1 40
1 15
0 73
1 79
0 5
0 82
1 26
1 16
1 46
0 40
0 26
0 72
1 76
0 15
0 12
1 20
1 82
1 51
0 16
0 46
1 77
1 83
0 82
1 42
1 19
0 55
0 20
1 55
1 47
1 91
0 19
1 30
1 43
0 43
0 79
0 83
1 10
1 63
0 10
1 73
0 90
0 63
1 28
0 76
0 51
0 60
1 41
1 65
0 4
1 43
1 59
0 78
0 43
1 61
1 66
0 65
1 62
1 74
0 62
1 78
1 57
0 30
0 42
0 91
0 74
0 73
0 28
0 47
1 19
0 61
0 41
0 77
0 19
1 35
0 59
0 78
1 81
1 67
0 67
1 40
1 70
0 66
1 38
0 40
0 70
0 81
0 55
0 35
1 4
1 53
0 53
1 39
0 57
1 88
1 25
1 28
0 38
0 4
0 88
0 25
1 59
0 59
1 11
1 75
0 28
1 7
0 75
0 7
0 11
0 39
1 5
1 38
0 38
0 5
1 64
0 64
1 90
1 72
0 90
1 88
0 72
0 88
1 22
0 22
1 56
0 56
1 19
0 19
1 37
1 97
0 37
1 73
0 73
1 77
1 14
1 93
1 22
0 97
1 75
1 65
0 22
0 14
1 59
0 65
0 75
0 59
1 6
1 72
0 6
1 74
0 74
1 14
0 77
0 93
0 72
1 66
0 66
0 14
1 55
1 62
1 68
0 55
1 60
1 70
1 8
0 60
0 70
1 61
1 85
0 68
0 62
0 8
1 38
0 61
0 85
1 35
1 68
0 35
1 58
1 32
0 38
0 58
0 68
0 32
1 86
0 86
1 71
1 29
1 78
0 29
1 90
1 36
1 91
1 17
1 79
0 91
0 71
1 3
0 78
1 43
1 64
1 89
1 12
1 91
0 79
1 42
0 3
0 64
1 3
1 96
1 77
1 45
1 79
0 90
1 87
1 90
0 79
1 33
0 17
0 45
0 89
0 42
0 87
0 96
0 36
1 61
0 91
1 17
0 33
0 12
0 17
0 43
0 77
1 55
1 27
0 55
0 90
1 72
0 3
0 27
0 61
0 72
1 64
0 64
1 74
0 74
1 52
1 39
1 36
1 41
0 39
0 52
0 36
1 8
1 38
1 94
0 94
0 8
1 20
0 20
0 41
0 38
1 30
0 30
1 90
0 90
1 61
0 61
1 51
0 51
1 35
1 50
0 35
1 32
1 8
1 94
0 50
1 97
0 97
1 95
1 36
1 59
0 32
1 81
1 75
1 27
0 94
1 88
1 43
1 11
0 8
0 27
0 95
0 81
1 28
0 43
0 59
0 75
1 97
1 46
0 11
0 97
1 67
1 19
0 36
1 22
1 58
1 23
0 67
1 14
1 24
0 22
0 28
1 73
0 23
1 20
1 70
0 14
1 59
0 73
1 75
0 19
0 59
0 75
0 58
0 46
1 21
1 12
0 21
0 88
1 97
0 97
0 12
1 31
0 70
0 31
0 20
1 78
1 87
0 87
1 76
1 19
1 79
0 76
0 19
0 78
0 79
1 11
1 81
0 11
0 81
1 78
1 76
0 76
1 49
1 16
0 24
1 27
0 78
0 49
1 33
0 27
1 100
1 23
0 100
0 23
1 54
1 42
1 24
0 33
0 42
0 24
0 54
0 16
1 45
1 20
1 2
0 2
1 57
0 57
1 58
0 45
0 20
0 58
1 42
0 42
1 42
0 42
1 73
0 73
1 64
1 88
0 64
1 48
0 88
1 70
0 70
1 28
1 64
0 48
0 64
0 28
1 18
0 18
1 25
0 25
1 85
1 42
0 85
0 42
1 54
0 54
1 5
0 5
1 44
0 44
1 75
1 16
1 62
1 24
1 54
1 57
0 62
0 24
0 16
0 75
0 54
1 87
0 87
0 57
1 31
0 31
1 82
1 70
1 3
0 70
0 82
0 3
1 92
0 92
1 88
1 20
0 20
0 88
1 10
0 10
1 7
0 7
1 7
1 36
0 7
1 57
0 57
1 5
1 76
0 76
0 5
1 7
1 13
0 7
1 29
0 13
1 98
0 98
1 5
1 11
0 11
1 80
1 67
0 67
0 29
1 6
0 36
0 6
0 5
0 80
1 2
1 1
1 81
0 2
0 1
1 37
1 47
0 81
1 27
1 35
0 27
0 37
0 35
1 75
0 47
0 75
1 24
1 4
0 4
0 24
1 64
0 64
1 7
1 42
0 42
1 39
0 39
0 7
1 17
1 39
0 17
1 13
1 90
1 68
1 56
1 14
0 39
1 65
1 57
0 13
0 14
0 56
0 57
0 90
0 65
1 34
1 93
0 68
1 83
1 97
0 97
0 83
1 84
0 93
0 34
0 84
1 52
0 52
1 74
0 74
1 40
0 40
1 84
1 80
0 84
0 80
1 87
0 87
1 56
1 6
0 6
0 56
1 78
0 78
1 8
0 8
1 85
1 42
0 85
0 42
1 11
0 11
1 88
0 88
1 72
0 72
1 51
1 42
0 51
1 90
0 42
1 23
0 23
0 90
1 26
0 26
1 65
1 60
0 60
1 31
0 65
1 73
1 94
1 42
1 70
1 76
0 31
1 30
1 63
1 40
1 86
1 9
0 94
1 25
1 71
1 65
0 40
1 33
0 63
0 9
0 70
1 57
1 23
1 77
1 91
0 57
1 44
0 91
1 85
1 87
0 85
0 65
1 1
0 86
0 71
1 45
1 80
0 25
0 30
0 76
0 44
0 33
0 77
0 1
1 24
0 73
1 33
0 45
0 87
1 58
1 81
0 33
1 45
0 80
0 81
1 97
0 97
0 23
0 58
0 42
1 18
1 64
0 24
0 45
0 18
1 77
1 50
0 50
1 8
0 77
1 73
1 45
1 81
1 94
0 94
1 10
1 44
1 59
1 77
0 73
0 64
1 86
1 55
0 45
0 55
1 13
1 42
1 35
