1000
1 56
1 42
1 25
1 61
0 56
0 42
0 25
1 63
1 60
0 61
1 86
0 63
1 87
1 29
0 29
0 86
0 87
1 67
0 67
0 60
1 1
1 67
1 44
0 44
0 67
0 1
1 52
1 65
1 72
0 72
0 65
1 58
1 87
0 58
1 30
0 87
0 52
0 30
1 23
0 23
1 24
0 24
1 38
1 65
1 12
0 12
0 65
0 38
1 94
0 94
1 64
1 66
0 66
0 64
1 22
1 38
0 22
1 18
1 87
1 67
0 67
0 38
1 92
1 94
0 94
0 87
0 18
0 92
1 16
1 36
0 36
1 39
1 1
0 39
1 28
0 1
0 16
0 28
1 67
0 67
1 49
0 49
1 74
1 83
1 61
0 83
0 61
1 75
1 79
1 41
0 79
0 75
1 20
1 35
1 39
1 16
1 93
0 74
1 36
0 93
0 35
1 63
0 16
0 39
0 20
0 41
0 36
0 63
1 85
1 91
1 41
1 79
0 41
1 96
1 60
1 98
0 98
0 91
1 59
0 96
1 78
0 85
0 60
0 59
1 14
0 14
1 20
0 79
0 20
1 35
1 10
0 10
1 6
1 89
1 10
0 10
0 78
0 35
1 29
0 29
1 85
1 76
0 89
0 85
0 76
0 6
1 47
1 16
1 14
0 16
0 14
0 47
1 91
1 30
0 30
0 91
1 19
1 64
1 25
1 91
1 65
0 64
0 65
0 19
0 25
0 91
1 85
1 68
1 91
0 68
1 41
1 37
1 52
0 52
1 62
1 98
1 42
0 41
1 94
1 1
0 1
0 42
0 98
0 62
0 37
0 94
1 9
0 85
1 50
0 9
0 50
0 91
1 59
0 59
1 25
0 25
1 28
1 26
0 26
1 44
1 25
1 97
1 66
0 28
0 97
0 44
0 25
1 5
1 17
0 66
0 5
1 58
0 58
1 11
1 61
1 66
1 91
1 37
1 5
0 17
1 100
1 34
1 58
1 84
0 84
1 35
1 19
1 55
0 19
0 37
1 97
1 12
1 92
0 66
0 100
0 92
0 55
0 58
1 67
0 91
0 34
1 50
1 86
1 42
1 91
0 42
1 36
1 19
1 99
1 39
1 20
0 12
0 35
1 87
1 9
1 80
0 36
1 57
0 19
0 50
0 9
0 57
1 12
1 92
1 3
0 80
1 4
1 79
0 91
0 39
1 73
1 77
1 44
0 77
1 8
1 100
0 5
0 100
1 5
1 50
1 19
0 3
1 25
1 3
1 82
1 95
1 41
1 96
1 77
0 25
1 34
0 73
0 77
1 55
1 49
0 82
0 19
0 99
0 86
1 18
1 63
1 6
0 11
1 27
1 90
0 41
1 93
0 87
0 34
1 1
0 79
1 45
1 28
0 20
1 85
0 5
1 5
0 6
1 78
0 85
1 48
1 79
1 11
0 92
1 51
0 49
1 13
0 97
0 18
1 82
0 12
1 57
0 55
0 8
0 63
0 90
1 6
1 90
1 62
0 62
0 48
1 84
1 81
1 86
0 3
0 57
1 77
1 15
1 76
0 27
1 62
1 68
0 68
0 96
0 6
1 80
0 44
1 39
0 28
0 95
1 3
1 56
1 22
0 50
1 83
0 78
0 79
1 46
0 5
0 39
1 17
0 67
0 11
1 27
0 61
0 83
0 17
1 10
0 1
1 88
1 68
1 43
1 63
1 83
0 68
0 15
0 77
0 83
1 77
1 47
0 4
0 22
0 56
0 10
0 3
1 85
0 46
0 45
0 82
0 90
1 49
0 76
0 51
1 29
1 28
0 93
1 64
0 43
0 62
0 64
1 70
1 98
0 80
0 49
0 27
0 28
1 64
1 92
0 47
0 63
1 17
1 42
0 86
1 78
0 78
1 16
0 92
1 69
0 88
1 56
0 70
1 37
1 8
1 66
0 17
1 91
0 84
0 64
0 69
0 37
1 55
1 18
0 66
0 18
0 55
1 12
0 98
0 13
0 91
1 2
0 16
0 8
0 12
0 2
1 67
0 67
0 29
0 56
0 81
0 77
0 85
1 98
1 71
1 44
1 74
1 26
1 81
1 78
0 26
1 54
0 71
1 75
0 54
0 81
0 98
1 51
0 75
1 8
1 37
0 51
0 78
0 8
0 74
0 44
0 37
1 75
1 23
0 75
1 73
1 3
1 25
0 3
0 42
1 36
1 64
0 25
0 23
0 73
1 44
0 44
1 6
1 43
1 67
1 97
0 36
0 43
0 97
1 18
1 59
0 6
1 10
1 85
0 64
1 47
1 32
0 85
1 22
1 75
0 32
0 67
0 47
1 35
1 48
1 49
1 9
1 87
1 37
0 9
0 22
1 17
0 48
0 75
1 100
0 10
1 79
1 20
0 79
0 17
0 20
1 50
1 45
1 63
0 18
0 49
1 62
0 62
1 96
0 45
0 35
0 37
1 58
0 59
1 29
0 100
0 63
1 23
1 60
0 87
1 24
1 79
1 100
0 58
0 50
0 29
0 100
0 24
0 23
1 31
0 96
1 17
0 17
1 41
0 41
0 31
1 94
0 79
1 32
1 96
0 60
0 96
0 94
0 32
1 98
0 98
1 77
0 77
1 58
1 21
0 21
0 58
1 64
1 94
1 61
0 94
1 23
0 64
1 21
0 21
1 99
1 36
0 23
1 49
1 51
1 54
1 43
1 4
1 78
0 54
1 98
0 43
1 35
0 61
1 53
0 36
0 4
0 53
0 98
0 99
0 78
0 51
0 35
1 33
1 17
0 33
1 50
0 17
1 18
1 97
1 8
0 50
0 97
1 62
1 43
0 18
1 72
1 21
1 25
0 43
0 72
0 62
1 46
0 49
1 57
0 21
1 42
0 57
1 48
1 9
0 8
0 48
1 26
0 46
0 9
0 25
0 42
1 11
1 34
1 10
0 11
1 62
0 62
1 25
0 25
0 26
1 60
0 10
1 67
0 34
1 79
1 41
0 60
0 79
0 41
1 22
0 22
1 76
0 76
0 67
1 63
0 63
1 96
1 92
0 92
1 98
0 98
1 24
0 96
1 56
1 97
0 97
0 24
1 63
1 13
0 13
1 30
1 50
1 20
0 50
1 79
0 20
1 39
1 57
1 45
1 43
1 71
0 71
0 57
1 86
0 86
0 43
1 15
0 79
0 30
1 25
0 56
0 25
1 41
0 45
0 39
1 44
1 68
0 44
0 68
0 63
0 41
1 87
0 15
0 87
1 71
1 55
1 77
0 71
0 55
0 77
1 91
0 91
1 58
0 58
1 33
0 33
1 17
1 54
1 29
0 29
1 37
0 17
1 87
1 85
0 54
0 37
0 85
1 80
0 80
0 87
1 59
0 59
1 24
0 24
1 70
1 63
1 98
0 63
0 98
0 70
1 26
0 26
1 24
0 24
1 9
0 9
1 95
0 95
1 2
0 2
1 38
0 38
1 91
0 91
1 72
1 48
1 24
1 56
0 56
1 74
1 7
1 3
0 7
0 72
0 74
1 5
0 5
1 14
0 48
0 14
1 26
0 24
1 33
1 50
1 83
1 97
1 52
1 7
1 95
0 3
1 20
0 20
0 95
0 33
1 76
0 83
1 39
1 72
0 52
1 44
0 97
0 76
1 65
1 60
0 26
1 84
0 65
0 7
1 12
0 39
1 91
1 69
0 44
1 93
0 72
1 65
1 86
0 65
0 91
0 60
0 50
1 37
0 37
1 87
1 3
0 3
1 26
0 26
0 93
1 15
1 85
1 44
1 91
1 90
1 57
0 57
1 43
1 88
0 86
0 15
0 91
1 9
1 64
0 9
1 89
0 44
1 37
1 79
0 84
1 83
1 41
0 79
0 69
0 37
1 65
0 43
0 89
1 91
1 9
0 87
0 9
1 44
1 47
1 26
0 47
0 26
0 88
1 48
0 41
0 48
0 44
0 85
1 99
0 12
1 85
0 83
1 98
1 44
1 13
0 98
1 28
1 6
1 26
1 34
0 34
1 87
0 6
0 99
0 90
1 27
0 28
0 44
0 87
1 53
0 13
1 15
1 35
1 23
0 64
0 15
1 70
0 65
0 53
1 55
0 91
0 55
1 2
1 52
1 34
0 27
1 97
0 34
0 2
1 57
1 14
1 86
1 71
1 79
0 57
1 76
1 72
1 47
1 10
1 15
1 24
0 35
0 71
0 85
1 18
0 18
0 86
0 14
1 85
0 47
0 72
0 97
1 32
1 28
0 15
0 76
0 28
0 26
1 57
0 24
0 32
1 13
1 94
1 74
1 77
0 23
0 79
1 67
0 70
0 77
1 27
1 7
0 27
1 5
0 74
0 7
0 67
1 100
0 10
0 5
1 18
0 18
1 58
0 85
1 59
1 20
1 77
1 26
0 57
0 13
1 74
1 65
0 52
1 28
1 85
0 26
1 86
1 10
0 28
0 86
0 58
1 78
