1000
1 92
0 92
1 12
1 6
0 12
0 6
1 55
1 90
1 78
1 63
0 78
0 55
0 63
1 78
1 61
0 61
0 90
1 4
0 4
0 78
1 49
0 49
1 41
1 48
0 41
1 4
1 2
1 86
0 2
1 61
0 86
0 61
0 48
0 4
1 100
0 100
1 64
1 44
1 19
1 26
1 41
0 44
1 72
0 72
1 51
1 48
0 26
0 64
1 18
0 19
0 51
1 49
0 48
0 41
0 18
1 27
1 25
0 49
0 27
0 25
1 29
0 29
1 44
0 44
1 29
0 29
1 11
1 37
0 37
1 58
0 11
0 58
1 39
0 39
1 7
0 7
1 55
1 39
1 1
1 84
0 39
0 84
0 1
0 55
1 34
1 54
0 54
1 51
1 12
0 51
1 35
1 76
1 41
0 76
1 8
1 37
0 8
1 18
1 32
1 67
0 37
1 80
1 100
0 67
0 34
1 11
1 16
1 31
0 12
0 18
1 22
0 35
0 16
0 22
0 100
1 93
0 32
1 73
1 56
1 79
0 73
0 41
0 93
1 3
0 79
1 61
1 70
0 56
1 14
1 90
0 90
0 61
1 50
1 32
0 70
0 31
0 3
0 50
0 32
1 35
1 16
0 80
1 59
0 35
0 11
0 14
0 59
0 16
1 28
1 24
1 58
0 58
1 82
1 29
0 28
1 27
0 27
1 86
1 33
0 33
0 86
1 12
1 7
0 29
1 71
1 25
1 2
0 82
1 67
1 13
1 43
1 38
0 2
0 38
0 43
0 71
1 59
0 24
0 12
1 99
1 70
0 25
0 67
0 13
0 99
0 7
1 76
1 6
1 44
0 59
1 75
0 6
1 82
0 70
1 73
1 5
1 66
1 59
1 69
1 61
1 100
0 44
1 62
1 89
0 82
0 69
0 59
0 73
0 76
0 61
1 91
1 48
0 89
1 58
1 92
0 58
0 91
0 48
1 69
1 16
0 92
0 100
0 62
0 75
1 64
0 5
1 8
1 96
0 8
0 66
0 69
0 64
0 16
0 96
1 77
0 77
1 48
1 53
1 23
1 73
0 48
0 73
0 53
1 51
0 23
0 51
1 30
0 30
1 31
1 45
0 31
1 69
1 29
0 45
0 69
0 29
1 15
1 49
0 49
1 35
0 35
0 15
1 45
1 30
0 30
0 45
1 36
1 26
0 26
0 36
1 86
1 9
0 86
1 92
0 9
1 79
0 79
0 92
1 47
1 48
0 48
1 4
0 47
1 77
1 38
0 77
0 4
1 86
0 86
1 22
1 75
0 38
1 12
1 28
1 90
1 86
0 28
1 23
1 76
1 55
0 55
0 76
0 90
1 2
0 86
1 16
1 61
0 16
1 35
0 23
0 22
1 62
0 62
1 44
1 57
0 61
0 57
0 35
1 3
1 40
1 1
1 13
1 64
1 19
1 34
0 3
1 79
1 92
0 44
1 3
1 95
1 63
1 42
1 30
1 62
0 13
1 99
1 80
0 3
1 3
1 38
1 24
1 98
1 7
1 68
0 98
0 62
0 42
0 19
1 96
0 38
1 62
0 92
0 34
1 31
0 64
0 79
1 53
1 16
1 97
0 68
0 2
0 62
0 12
0 40
0 63
0 75
0 95
0 30
0 80
1 98
1 32
1 72
1 27
0 98
1 11
0 11
0 53
0 7
0 96
0 3
0 31
0 97
0 1
0 32
0 99
1 28
0 72
0 27
0 28
1 42
0 24
1 46
1 40
1 44
1 58
1 98
0 46
1 1
0 40
0 16
0 44
1 25
0 58
1 72
0 42
0 72
1 60
1 2
1 70
0 1
1 78
0 70
0 60
1 85
0 98
1 41
1 1
0 1
0 25
1 62
1 98
0 78
1 60
0 41
1 81
1 63
1 64
0 81
0 64
0 62
0 60
1 64
1 65
1 27
1 56
1 54
0 27
0 56
1 50
1 71
1 15
1 9
0 15
1 78
0 50
1 24
0 24
1 77
1 44
1 67
0 44
0 2
1 74
1 10
1 72
1 13
0 63
0 77
0 72
1 93
0 85
0 98
1 39
0 67
1 24
1 29
1 92
0 24
1 98
1 84
0 10
1 94
1 30
0 93
0 29
0 54
1 3
1 29
1 52
0 3
1 10
1 82
1 56
0 52
0 64
0 9
0 65
0 92
0 94
0 71
0 30
1 5
1 70
0 29
1 90
0 78
0 56
0 98
0 82
1 24
1 50
0 90
0 5
1 75
0 39
1 100
1 42
1 11
0 100
1 15
1 95
0 11
1 14
1 56
0 95
1 45
0 13
0 45
1 69
1 3
0 10
1 32
0 3
0 70
1 61
1 53
0 75
1 16
0 16
1 16
1 3
1 39
1 1
0 15
1 67
1 66
1 7
0 84
0 24
0 7
0 39
0 74
1 84
1 60
0 56
0 53
0 84
0 1
0 3
1 48
0 32
0 48
1 44
1 68
1 77
1 88
1 53
1 87
0 50
1 78
0 69
0 67
1 70
1 22
1 20
0 16
0 70
0 88
0 44
0 77
0 20
1 1
0 1
1 32
0 61
1 16
1 23
1 26
0 22
0 14
1 58
0 53
0 32
1 29
1 97
0 66
0 60
0 16
0 87
0 68
0 97
0 29
0 23
0 78
0 26
1 28
1 12
1 93
0 42
1 7
0 7
1 100
0 28
1 65
0 12
0 65
1 27
1 60
0 27
0 58
1 63
1 58
0 63
0 100
1 20
1 66
0 93
1 13
0 58
1 17
0 66
1 91
1 31
0 17
0 20
1 86
1 17
0 17
0 86
1 49
1 83
0 91
0 60
1 63
0 49
0 83
0 63
1 66
1 15
0 13
1 78
1 83
1 3
0 3
0 83
0 78
1 99
1 54
1 89
1 92
1 93
0 89
1 85
0 31
0 92
0 66
1 89
0 54
1 69
0 15
1 87
0 99
0 89
0 69
0 85
1 13
0 87
0 93
0 13
1 100
0 100
1 3
1 81
0 81
1 22
1 91
1 42
1 89
1 12
0 42
0 89
0 12
0 3
1 61
0 61
0 91
0 22
1 56
0 56
1 67
0 67
1 42
0 42
1 47
1 34
0 47
1 65
1 85
1 47
0 47
0 34
0 65
1 75
1 40
0 75
0 85
0 40
1 11
1 93
0 93
0 11
1 74
0 74
1 92
0 92
1 25
1 48
0 25
0 48
1 37
0 37
1 91
1 46
1 87
1 5
0 5
1 73
1 79
1 78
1 26
1 92
0 26
0 92
1 27
1 60
1 39
1 44
0 44
1 28
0 87
1 68
1 34
1 86
0 28
1 72
1 88
0 39
1 65
0 73
0 60
0 88
0 65
1 87
0 68
0 87
0 79
0 86
1 24
0 78
0 24
1 68
0 72
1 82
1 96
1 32
0 46
1 62
0 82
1 72
1 17
1 51
0 34
0 91
0 27
1 87
1 78
0 17
1 4
1 23
1 83
1 50
0 51
0 78
1 15
0 4
0 23
1 23
1 64
1 75
0 87
1 89
1 48
1 34
1 97
0 62
1 30
1 90
0 96
0 15
1 49
0 48
0 49
0 32
1 84
1 6
1 82
1 22
0 22
0 34
1 21
0 83
1 32
1 2
0 84
1 10
0 21
0 6
1 98
0 89
0 97
0 68
1 11
0 90
1 20
0 10
0 72
0 98
1 14
0 20
0 82
1 21
0 30
1 60
0 60
0 23
0 11
1 84
1 58
0 50
1 63
1 38
1 87
1 12
1 15
1 74
0 75
0 64
1 52
0 15
0 52
1 94
1 59
1 11
1 10
0 2
1 77
0 77
0 14
1 72
0 38
1 50
0 87
0 21
0 84
1 1
0 63
0 58
0 10
1 42
0 50
0 32
1 57
0 74
1 62
0 42
1 69
0 57
1 13
0 12
0 62
1 25
0 1
1 76
0 72
1 72
0 13
0 59
0 72
1 65
0 69
1 77
1 49
1 75
0 76
1 5
1 89
1 90
0 11
1 93
1 3
0 25
1 61
1 53
1 74
1 59
1 69
0 93
1 93
0 89
0 53
0 77
1 91
0 49
1 47
0 91
1 11
0 5
0 3
1 56
1 55
0 94
0 90
0 47
1 30
1 94
0 59
0 65
1 82
0 56
0 61
0 74
1 36
0 36
0 82
1 84
1 56
1 64
1 49
0 69
0 93
1 95
0 11
1 61
0 49
1 31
0 94
1 9
1 90
0 9
0 31
0 55
1 88
1 98
0 61
1 89
1 83
1 86
0 95
1 72
1 73
0 86
0 83
1 76
0 89
0 73
1 57
0 75
0 76
0 64
1 16
1 9
0 9
0 16
1 23
0 23
1 85
1 19
1 60
1 32
1 36
1 31
1 99
0 19
0 36
1 2
0 85
1 17
0 2
0 99
0 98
0 72
1 19
0 17
0 60
0 90
0 31
1 31
1 87
1 91
