1000
1 51
0 51
1 84
1 33
0 84
0 33
1 81
1 86
1 52
1 25
0 81
0 52
1 26
0 86
1 23
1 57
0 25
0 23
1 11
0 26
0 11
0 57
1 4
1 47
0 47
1 61
0 61
1 70
1 5
1 71
0 70
0 71
0 4
1 23
0 23
0 5
1 69
0 69
1 96
0 96
1 73
0 73
1 35
1 95
1 92
0 95
0 92
0 35
1 85
0 85
1 39
0 39
1 80
1 28
1 44
0 28
1 39
1 99
1 56
0 99
1 96
1 29
0 56
1 62
0 44
0 39
0 80
0 96
0 62
0 29
1 77
1 56
1 20
0 77
0 56
0 20
1 66
1 6
1 36
0 6
0 36
0 66
1 27
1 31
1 67
0 31
1 19
1 37
0 19
1 38
0 27
0 38
1 45
0 37
1 92
1 97
1 83
0 83
1 75
1 35
0 35
1 42
0 92
1 73
1 78
1 39
0 67
0 73
0 42
1 42
0 75
0 39
1 34
0 34
0 78
1 39
1 5
1 48
0 42
0 39
1 36
0 5
0 45
0 48
0 36
1 74
0 74
0 97
1 93
1 24
1 78
0 78
0 24
1 38
1 77
1 3
0 3
0 77
1 34
0 38
1 87
1 48
1 38
0 48
0 87
1 16
1 82
0 93
1 18
1 27
0 18
1 21
1 80
0 16
0 80
0 27
0 21
1 4
1 59
0 82
0 59
1 2
1 16
0 16
1 32
0 32
0 4
0 38
1 35
0 2
1 39
1 46
1 36
0 36
1 16
0 39
0 46
0 35
1 3
1 67
0 16
0 3
1 62
1 32
1 16
0 67
0 32
1 31
0 16
0 62
0 31
1 1
0 1
0 34
1 64
0 64
1 35
0 35
1 93
0 93
1 2
1 82
0 2
0 82
1 97
1 79
1 80
1 67
0 97
0 79
0 80
0 67
1 63
0 63
1 43
0 43
1 42
0 42
1 18
1 4
0 4
1 89
0 89
1 99
0 99
1 74
0 74
0 18
1 94
1 91
0 94
0 91
1 49
1 83
0 49
0 83
1 4
1 95
1 74
0 95
0 4
1 22
1 28
0 28
1 11
0 22
0 11
0 74
1 96
1 37
0 37
1 6
0 96
1 8
1 72
0 72
1 21
0 6
0 8
0 21
1 68
1 93
0 93
0 68
1 58
0 58
1 84
0 84
1 64
1 38
0 38
0 64
1 33
0 33
1 40
1 24
1 58
1 86
1 55
1 6
1 87
0 40
1 29
0 87
1 79
0 58
1 4
0 29
0 86
1 95
0 4
1 1
1 40
0 40
1 11
1 34
0 79
0 6
1 96
1 10
0 34
0 55
1 61
1 75
1 51
1 35
1 44
1 88
0 88
1 50
0 95
1 19
0 19
1 70
1 19
0 96
0 10
1 86
0 24
0 86
0 50
0 1
1 12
1 73
0 35
1 64
1 65
0 65
1 25
0 25
1 57
0 11
0 51
0 44
1 74
1 21
1 26
1 30
1 66
1 68
0 57
0 66
1 94
1 36
1 25
0 70
1 46
1 2
1 34
1 28
1 52
0 64
1 63
1 80
0 61
0 26
0 19
0 12
1 35
0 68
1 97
0 63
0 46
1 22
1 58
1 78
0 73
0 28
1 7
1 76
0 80
1 72
1 85
0 2
1 95
1 73
0 94
1 59
0 95
1 37
0 78
1 95
1 26
1 8
1 19
1 11
1 86
1 47
1 41
1 2
1 50
0 11
1 87
1 3
1 77
0 86
1 1
0 77
1 77
1 29
1 98
0 58
1 93
0 29
0 21
1 4
1 78
1 10
1 42
1 64
1 60
0 26
1 51
1 67
1 38
1 56
1 31
0 56
0 85
1 57
0 37
0 60
0 8
1 65
0 93
0 59
0 67
0 31
1 83
1 62
0 76
1 56
0 41
1 67
0 2
1 29
0 25
1 13
0 72
0 13
1 72
1 43
0 29
1 79
0 38
0 64
0 3
0 50
0 51
0 7
1 60
1 44
0 79
0 62
1 45
1 8
1 94
0 56
1 92
1 16
0 1
0 95
0 97
1 9
0 98
1 24
1 18
0 77
1 53
0 4
0 22
0 92
1 37
1 90
1 79
0 90
1 92
1 31
0 92
1 85
1 33
1 91
0 19
1 38
0 79
1 46
1 81
0 10
0 46
1 79
1 10
0 73
1 66
1 96
0 34
1 46
0 57
1 64
0 65
1 40
0 10
0 40
1 49
1 95
1 54
1 84
1 51
1 21
0 43
1 39
1 80
1 5
0 85
1 48
0 84
0 87
0 49
0 9
0 80
1 76
1 68
0 53
0 96
1 93
0 35
0 31
0 66
1 49
0 91
0 54
1 9
0 76
0 68
0 38
1 40
1 80
0 36
1 15
0 45
1 38
0 49
0 83
0 60
1 10
0 79
0 15
0 8
1 96
0 93
0 80
1 54
0 51
0 96
0 67
1 41
0 52
1 60
0 40
1 14
0 47
1 57
0 60
0 74
0 48
0 18
1 47
1 53
1 3
1 4
1 73
1 65
0 21
1 34
1 89
0 95
0 34
1 85
0 10
1 88
0 81
0 3
0 88
0 37
1 2
1 34
0 30
0 9
1 90
0 53
1 1
1 95
0 44
0 42
0 89
1 28
1 44
0 54
0 34
1 58
1 32
1 54
0 5
0 78
1 96
1 34
1 35
0 47
0 24
0 16
1 9
0 94
1 74
0 54
0 58
0 75
0 90
0 41
0 85
1 98
0 38
1 12
1 10
1 36
1 58
1 15
1 45
1 66
1 30
0 72
1 92
0 73
0 36
1 79
1 71
0 32
1 51
0 9
1 75
0 4
0 15
1 40
1 15
0 74
1 41
1 27
1 47
0 40
1 86
0 10
1 53
0 41
1 99
0 58
0 14
1 6
1 90
1 41
1 24
1 23
0 45
0 92
1 87
0 12
0 27
1 76
0 96
1 12
0 66
0 71
0 44
1 78
1 81
0 53
0 1
0 35
0 98
1 70
1 42
0 51
0 39
1 59
1 97
0 46
1 88
1 89
1 14
1 29
0 95
1 48
0 30
0 87
1 66
1 67
1 68
1 43
0 79
1 49
0 47
1 8
0 65
1 1
1 31
1 54
1 13
0 49
0 64
0 1
0 70
1 16
0 99
1 69
0 13
0 28
0 90
1 20
1 77
0 20
1 32
1 38
0 66
0 24
0 59
0 81
1 40
0 32
1 35
0 97
0 23
1 36
0 48
0 6
0 75
1 30
1 70
0 77
1 72
1 91
0 42
1 17
0 31
0 33
0 41
0 16
1 95
1 22
1 42
0 88
1 59
1 63
0 17
0 15
1 37
1 55
1 56
1 31
1 39
0 56
0 36
0 57
1 96
1 100
0 14
0 37
1 9
0 96
1 80
1 88
0 68
0 54
1 90
1 92
0 39
1 93
0 59
0 34
0 63
1 13
1 10
0 70
0 30
0 90
1 30
0 9
1 32
0 92
1 33
1 45
1 56
0 32
1 39
0 76
0 69
1 96
1 97
0 42
1 42
1 87
0 97
1 57
0 45
1 44
1 20
0 13
1 90
1 37
0 88
0 55
1 51
1 41
0 91
0 56
1 70
0 10
1 26
0 8
1 3
1 6
1 66
0 33
1 65
0 26
0 87
1 28
0 95
0 38
1 34
0 96
1 94
0 37
0 22
1 37
1 27
1 56
0 65
0 30
0 34
1 5
0 28
0 6
0 31
0 57
0 41
1 74
0 90
1 13
0 20
0 13
1 36
0 74
1 64
1 95
1 69
0 95
1 25
0 80
0 93
0 29
1 4
1 22
1 53
0 44
0 72
0 37
0 4
1 82
1 68
1 54
1 57
1 4
1 38
0 82
0 43
1 20
0 20
1 71
1 52
1 1
0 1
0 89
0 36
1 24
1 84
0 54
0 68
1 73
0 12
0 39
1 26
1 8
0 22
1 43
1 60
0 70
1 54
0 5
1 28
0 43
0 4
0 84
0 27
1 96
1 77
0 57
1 5
0 28
1 55
0 94
1 11
0 53
1 61
1 88
0 52
0 38
0 96
0 56
0 5
1 30
0 77
0 100
1 93
1 41
1 72
0 55
0 88
1 50
1 57
0 54
1 85
1 13
1 52
1 74
0 11
1 63
1 98
1 43
1 19
1 53
0 98
1 4
1 22
0 13
0 61
0 72
1 36
0 19
1 58
0 74
1 68
1 39
0 43
0 85
0 35
1 75
0 40
1 48
0 51
1 35
0 30
0 36
1 7
1 51
0 60
0 35
1 5
0 41
1 65
0 78
0 73
1 18
1 12
1 41
0 26
0 65
1 37
0 42
0 2
0 51
0 18
1 40
0 5
0 37
1 94
1 26
1 76
0 86
1 31
0 64
0 75
1 77
1 82
1 98
1 30
1 70
0 93
1 75
1 32
1 10
0 58
0 67
1 42
