1000
1 3
0 3
1 20
1 30
0 20
1 23
1 58
1 62
1 31
0 30
1 100
1 83
1 18
0 18
0 62
0 100
0 83
0 23
0 31
0 58
1 47
1 28
0 47
0 28
1 16
0 16
1 66
0 66
1 60
1 30
0 30
0 60
1 79
1 44
0 44
1 81
0 81
0 79
1 34
0 34
1 46
1 41
0 46
0 41
1 24
1 50
1 53
1 15
1 68
1 3
1 88
0 15
1 99
0 3
1 78
1 26
1 42
1 71
1 79
0 53
0 79
0 78
0 68
1 76
0 88
0 50
0 99
1 79
0 76
1 80
1 29
1 62
0 42
1 18
0 79
1 10
1 27
0 27
0 18
0 26
0 10
1 23
0 23
1 46
1 60
0 71
1 95
0 60
0 24
1 77
1 23
0 80
0 23
1 32
0 29
1 23
0 32
0 77
0 62
1 13
0 13
0 95
1 84
0 23
0 84
1 89
1 32
1 28
0 46
1 25
0 32
1 82
1 26
1 84
0 28
0 26
1 79
0 89
1 27
0 25
0 27
1 25
0 79
0 84
1 19
1 49
1 41
1 54
1 42
1 62
1 70
1 71
0 19
0 41
0 25
1 57
1 24
0 70
1 31
0 82
0 62
0 31
0 49
0 24
1 98
1 62
1 19
1 2
1 5
1 14
0 2
1 83
1 70
0 54
1 86
0 62
1 99
1 32
1 9
1 49
1 100
1 72
0 70
1 39
0 57
1 79
1 16
1 40
0 14
1 11
0 42
0 86
1 1
1 12
1 89
1 97
0 9
0 71
1 84
1 44
1 21
1 85
1 43
0 12
0 16
0 40
0 43
1 7
1 26
0 21
1 41
1 15
0 97
1 12
1 3
0 79
1 2
1 90
1 23
1 61
0 15
0 26
1 8
0 8
1 58
1 15
1 47
0 5
0 41
0 98
0 7
1 40
0 40
1 13
1 63
0 63
1 41
0 39
0 85
1 28
0 84
0 3
1 53
0 28
0 23
0 11
0 13
1 68
1 93
0 93
1 40
1 22
1 14
1 5
1 66
0 14
0 22
1 13
1 73
0 100
1 85
0 44
0 41
0 73
1 98
1 94
0 61
1 59
1 92
1 33
0 47
1 26
0 2
0 68
0 40
1 64
0 89
1 43
0 13
0 85
1 54
0 90
1 47
1 60
0 19
0 98
0 94
0 64
0 12
1 93
0 43
0 32
1 11
1 32
1 67
0 53
0 1
1 86
0 32
0 33
0 86
1 77
1 53
1 68
1 12
0 54
0 93
1 95
1 74
1 71
1 69
1 39
1 7
0 47
0 5
0 69
0 11
1 57
0 77
0 59
0 49
1 16
0 57
1 75
1 19
1 17
1 73
0 12
0 75
1 2
1 59
1 35
1 82
0 74
1 18
1 74
1 25
0 73
0 16
0 83
0 35
1 50
1 100
1 79
1 33
1 42
1 86
0 42
0 86
1 6
0 50
0 92
0 17
1 32
1 1
0 53
1 12
0 1
0 58
1 58
0 100
1 5
0 18
0 12
0 82
0 59
1 23
1 85
0 66
0 25
1 40
0 39
0 58
1 24
1 35
1 90
1 41
0 32
1 70
1 57
0 90
1 73
0 99
0 67
1 9
1 37
1 36
0 19
0 72
0 7
1 38
1 75
1 7
1 56
1 18
0 60
0 2
0 15
1 67
0 41
1 34
1 13
0 79
1 50
1 69
0 69
1 32
0 85
0 56
1 22
1 87
1 76
1 4
1 44
0 7
1 2
0 74
0 37
1 37
1 91
0 23
0 50
1 58
0 9
1 88
1 42
0 22
0 13
0 58
0 44
1 52
1 58
0 4
0 71
1 39
1 19
1 59
1 41
1 78
0 91
0 35
1 56
1 43
0 32
0 19
1 74
1 77
0 76
1 44
1 45
0 18
0 75
0 88
0 73
1 84
0 84
0 42
0 37
1 66
1 86
1 20
0 33
0 44
1 8
0 95
1 55
1 9
0 20
0 77
1 79
1 30
0 74
1 99
1 97
0 86
1 18
1 22
0 56
1 81
0 55
0 67
0 9
0 41
0 30
1 60
1 41
1 84
1 61
0 6
1 23
0 60
0 8
1 77
1 42
1 15
1 12
0 52
0 43
1 83
1 27
1 88
1 44
1 17
1 100
0 40
0 99
0 27
0 44
0 88
1 85
0 22
0 23
0 39
1 48
0 41
1 92
1 88
0 81
0 36
0 15
0 57
1 9
1 25
0 61
1 33
1 14
1 27
0 59
0 34
1 28
1 76
0 2
0 5
1 53
0 58
1 86
0 18
0 85
0 70
1 93
1 5
1 67
1 29
1 35
1 30
0 9
1 89
0 79
1 79
1 80
1 13
1 65
1 74
0 26
1 1
0 88
0 45
1 39
1 71
1 21
1 41
0 76
0 28
0 42
0 53
1 3
0 33
1 76
1 90
0 80
1 52
0 13
0 90
0 52
1 75
0 75
1 9
1 72
0 12
1 4
0 84
1 49
0 4
0 68
1 80
0 1
1 75
0 74
1 40
1 6
1 81
0 39
0 80
0 48
0 78
1 4
0 66
0 21
1 78
1 84
1 64
0 49
0 64
1 31
0 24
0 81
1 80
1 85
0 3
1 3
0 84
1 94
0 76
0 86
0 93
1 88
0 5
1 24
0 79
1 32
1 20
1 1
0 27
0 89
0 32
0 100
0 14
0 25
0 35
1 86
1 93
1 89
1 37
0 41
1 57
1 55
0 93
1 47
1 90
1 53
1 56
1 49
0 56
0 88
0 90
1 41
0 3
1 58
0 94
0 77
1 73
1 88
1 63
0 89
1 54
0 58
1 45
1 32
1 16
1 93
1 94
0 85
1 61
1 12
1 69
1 33
0 71
1 60
1 34
1 77
0 60
1 22
0 49
0 78
0 83
0 32
0 57
1 25
0 63
0 67
1 76
0 29
0 37
0 24
1 78
1 82
0 33
1 10
0 10
1 66
0 97
1 56
1 18
1 36
1 19
0 78
0 92
0 65
1 21
1 51
0 17
1 46
0 16
0 94
0 19
1 26
1 83
0 80
0 69
0 18
0 46
1 37
1 5
1 13
0 72
0 25
1 32
0 47
1 18
0 22
1 29
1 48
1 28
1 42
1 91
1 99
1 100
0 88
0 13
1 10
1 92
1 2
0 40
1 47
0 93
1 94
1 33
0 87
0 56
1 87
1 57
0 73
0 36
0 32
0 75
1 16
0 45
1 90
1 43
0 31
1 46
0 92
0 9
0 43
1 25
1 59
0 82
1 44
0 57
1 62
1 3
0 62
0 76
1 88
0 91
1 91
1 35
0 34
1 58
1 39
1 31
0 3
0 53
1 82
1 93
0 90
1 74
0 87
0 29
0 26
0 94
0 93
0 30
1 62
1 79
1 43
1 32
1 90
0 47
0 32
1 22
1 45
1 3
0 91
0 55
1 91
1 47
0 100
0 46
0 25
1 23
0 77
0 82
1 7
1 11
0 91
0 33
1 87
0 5
1 33
0 12
0 38
0 54
0 66
0 6
0 4
1 4
1 5
1 19
0 86
0 79
0 18
0 39
0 28
0 2
1 18
0 22
0 31
1 36
1 68
1 2
0 68
1 89
1 40
1 69
0 88
0 42
0 45
0 11
1 54
1 24
0 10
1 6
1 91
1 92
0 48
0 87
1 8
1 81
1 60
1 72
1 9
0 54
0 21
0 69
1 38
0 7
0 1
0 58
0 74
1 10
1 21
1 96
1 100
0 9
0 19
0 96
0 3
0 4
0 21
1 27
0 18
0 27
1 64
1 14
1 69
0 90
1 30
0 81
1 79
0 99
1 97
0 40
0 92
0 10
1 57
0 61
0 37
0 14
1 74
1 86
1 61
1 98
0 59
0 97
0 16
1 54
1 48
0 20
0 100
1 59
0 54
0 98
1 17
0 86
1 76
0 79
0 33
0 61
1 75
0 17
0 23
0 6
0 2
1 37
1 77
1 49
0 43
1 78
0 72
0 89
1 12
0 74
1 85
1 70
1 84
1 33
1 4
0 51
0 77
1 11
0 91
1 16
0 30
0 8
0 70
1 45
0 45
1 61
0 12
0 24
0 64
1 89
1 77
0 78
1 63
1 93
1 94
1 6
1 78
1 45
0 61
0 75
1 12
0 44
1 53
1 8
0 37
0 48
0 8
0 4
1 64
0 64
1 99
0 45
0 49
1 65
1 80
0 93
1 13
1 54
1 61
1 48
0 5
1 49
0 60
0 33
1 73
1 90
1 86
0 83
1 9
1 100
1 74
0 74
1 60
1 14
0 73
1 64
0 47
1 55
1 19
0 76
0 63
0 35
0 49
0 41
1 35
1 29
0 11
1 56
0 6
0 29
1 79
1 58
0 14
0 16
1 37
0 57
1 96
1 2
1 82
1 70
1 40
1 76
0 35
1 34
0 9
0 85
1 7
