1000
1 51
1 24
0 51
1 22
1 48
1 72
1 82
0 82
1 81
0 48
0 72
1 99
1 71
1 36
1 37
0 81
0 24
0 37
0 22
1 94
1 37
1 56
0 56
0 94
0 71
1 64
1 70
0 37
1 88
0 88
1 89
1 81
0 81
0 70
0 36
1 32
0 89
0 64
0 99
1 69
0 32
0 69
1 51
0 51
1 29
0 29
1 29
1 70
1 71
0 29
1 38
0 70
0 38
1 21
1 85
0 71
1 29
1 47
1 25
0 29
1 88
0 88
0 25
0 85
0 21
1 99
1 23
0 23
0 99
1 64
0 64
1 71
1 13
0 13
1 66
0 47
0 66
0 71
1 21
0 21
1 74
0 74
1 72
0 72
1 89
0 89
1 98
0 98
1 86
0 86
1 13
1 11
1 73
0 11
0 73
0 13
1 77
1 40
1 66
0 66
1 64
1 41
0 41
1 36
0 77
0 64
1 61
0 40
0 61
0 36
1 51
0 51
1 20
1 3
1 45
1 36
1 31
1 92
0 31
1 47
0 20
1 55
0 3
1 9
0 47
0 92
0 9
0 55
1 72
1 75
1 3
1 89
1 43
1 32
0 36
1 74
1 24
0 45
0 24
1 96
0 3
0 43
1 94
0 32
1 32
0 89
0 74
0 72
1 16
0 96
0 32
0 16
1 80
1 86
0 94
0 75
0 86
0 80
1 69
0 69
1 33
1 50
0 33
1 71
0 50
0 71
1 54
0 54
1 7
1 11
0 11
1 86
0 7
0 86
1 99
1 41
1 28
0 28
1 100
1 31
0 100
1 81
1 44
1 90
1 2
1 100
1 5
1 95
1 75
0 31
1 28
1 78
1 55
1 39
0 99
0 39
0 28
1 35
1 42
0 90
0 5
0 55
0 41
1 6
1 27
1 47
0 47
1 87
1 59
0 6
0 44
1 82
0 81
1 6
0 27
1 13
1 47
0 82
1 92
1 39
1 12
0 92
0 42
0 59
0 6
0 2
1 24
1 58
0 58
1 88
1 9
1 68
1 42
1 28
1 4
0 88
0 39
0 24
1 1
0 78
0 12
0 42
0 28
0 100
1 43
0 87
0 1
1 92
1 10
1 59
1 40
1 28
0 13
1 93
0 10
1 38
1 77
0 4
1 21
1 25
1 64
0 92
0 40
0 9
1 79
1 10
0 75
1 2
0 25
1 94
0 47
0 79
1 16
1 22
0 21
0 64
1 80
0 94
0 28
1 5
1 44
0 16
1 50
1 81
1 97
1 46
0 59
1 9
1 11
0 9
0 95
0 5
0 10
0 43
1 19
1 7
1 72
0 2
0 72
0 11
0 46
0 22
0 35
1 33
1 20
1 98
1 13
0 19
1 40
1 12
1 92
0 20
0 98
1 43
0 68
1 30
1 51
1 78
1 14
0 30
1 34
1 68
1 57
1 52
1 70
0 80
1 62
0 7
1 15
0 44
1 63
0 62
0 43
0 77
0 57
0 93
0 40
1 7
1 36
0 78
1 65
1 31
1 64
0 65
1 96
0 38
1 85
0 52
1 69
1 57
0 85
0 7
1 52
1 98
1 38
1 58
0 58
0 13
1 59
1 93
0 70
0 14
1 48
1 3
0 93
0 33
1 58
0 68
1 25
0 31
0 57
1 79
0 81
1 99
0 63
0 98
0 38
0 12
1 13
1 45
0 58
0 96
0 45
1 14
0 36
0 51
0 59
0 25
1 29
0 13
0 15
1 40
0 92
0 34
1 16
1 15
0 64
0 15
0 79
1 34
1 2
0 3
1 88
0 97
1 72
0 2
0 99
1 27
0 52
0 48
1 79
0 88
0 79
0 27
0 34
0 29
1 38
0 38
0 40
1 38
1 70
1 75
1 47
1 35
1 17
0 35
1 93
0 70
1 61
1 97
0 75
1 53
1 10
1 9
1 66
1 35
1 18
1 59
1 94
0 47
1 62
1 36
1 80
1 49
1 45
0 80
0 53
1 63
0 61
0 45
0 17
1 27
1 98
0 36
0 50
0 63
1 17
0 97
0 93
0 69
1 92
0 66
0 35
0 62
1 31
0 94
0 10
0 16
0 9
1 25
0 92
0 17
0 59
0 98
0 14
0 18
1 77
0 31
1 75
0 72
1 26
1 64
1 19
1 97
0 49
1 88
1 8
0 77
0 75
0 27
1 22
0 22
1 60
0 97
1 7
0 19
1 43
1 40
0 64
1 48
1 12
1 44
0 60
1 76
1 55
0 55
0 44
1 98
1 77
1 49
1 31
1 3
1 15
0 25
0 7
1 79
0 76
1 18
1 80
0 79
0 40
1 66
1 61
1 95
0 26
0 12
0 98
0 8
0 18
1 75
0 95
0 43
0 88
0 48
0 61
1 39
1 43
0 77
1 27
0 31
0 43
1 57
1 53
0 75
1 10
0 38
1 97
0 97
1 51
1 34
1 4
1 69
1 82
0 39
1 79
1 97
0 69
1 58
1 44
0 82
0 34
1 41
0 4
0 41
0 44
1 77
0 15
0 10
1 11
1 28
0 77
1 48
0 58
0 11
0 53
0 28
1 77
0 51
0 80
0 79
1 79
0 49
1 30
1 39
0 3
1 80
1 19
0 80
0 66
0 39
1 95
0 79
0 95
0 77
1 66
1 67
1 87
1 60
0 48
1 22
1 33
0 66
1 56
0 67
0 60
1 65
0 87
0 97
1 72
1 92
0 19
0 22
1 44
0 44
1 93
1 85
0 92
0 93
1 25
1 95
0 27
0 25
1 28
0 95
1 68
1 4
0 85
1 42
0 33
0 68
1 52
0 30
1 49
1 84
0 52
1 17
0 4
1 11
1 77
1 87
1 25
1 75
1 6
0 17
1 20
0 42
0 87
1 63
0 84
0 65
1 12
1 76
1 74
1 78
1 17
0 56
0 28
1 21
1 34
1 73
0 49
1 66
1 81
0 73
0 57
1 73
1 79
1 88
1 29
0 88
0 73
1 60
1 87
0 81
1 37
0 21
1 61
0 63
1 62
1 16
1 30
0 20
0 34
1 28
1 18
1 19
0 78
1 63
1 26
1 57
1 99
1 27
0 66
1 34
0 75
0 17
1 8
1 81
0 28
0 6
1 35
0 87
1 88
1 5
1 10
0 81
1 20
0 5
1 67
0 67
0 18
0 34
0 10
1 84
0 26
0 20
1 86
1 64
1 1
1 87
1 85
0 87
0 88
1 28
0 61
0 37
1 50
1 31
0 72
1 89
0 89
1 32
1 97
0 25
0 76
0 35
1 75
1 90
0 97
0 19
1 44
1 18
0 64
1 76
0 57
0 12
0 11
0 79
0 32
1 67
1 68
0 31
1 97
1 17
0 84
1 92
0 75
0 17
1 49
0 49
0 76
1 41
1 89
0 77
1 7
1 13
0 16
0 1
1 64
0 30
0 86
1 98
0 13
0 62
1 53
0 63
1 42
0 44
1 15
0 60
1 96
0 67
1 76
0 85
1 32
0 89
0 53
0 97
1 10
0 98
1 97
0 15
1 81
0 97
0 99
0 28
1 25
1 43
0 18
1 48
0 8
0 32
1 40
0 41
1 52
0 25
0 64
1 65
1 69
1 11
1 41
1 4
0 96
0 76
1 82
0 43
1 100
1 37
1 49
0 7
0 40
0 27
0 48
1 33
1 24
0 90
0 81
0 49
1 26
0 10
0 68
0 42
0 82
0 4
0 65
1 55
0 33
0 52
1 8
1 51
0 26
1 12
1 32
1 62
1 66
1 17
1 86
1 57
1 23
0 51
0 74
0 29
1 90
0 11
1 65
1 93
0 32
0 8
0 69
0 24
0 100
0 66
1 63
0 92
0 12
0 55
0 37
0 62
0 90
0 17
1 59
1 14
1 92
1 24
1 29
1 76
1 27
1 72
1 78
0 92
0 63
0 29
1 39
1 54
0 39
1 87
1 22
1 5
0 86
1 45
1 10
0 10
1 68
0 50
0 59
1 59
1 49
0 49
0 45
0 68
0 78
1 80
0 24
1 44
0 57
0 54
1 71
0 71
0 5
0 65
1 18
1 10
1 33
0 44
0 80
1 31
0 31
1 11
1 98
1 50
1 95
1 94
1 28
0 23
0 28
0 41
1 99
1 90
0 76
0 27
1 85
1 27
0 59
0 98
1 86
1 7
0 99
0 7
0 18
1 47
0 14
0 93
0 95
1 80
0 90
0 85
1 43
1 45
0 86
1 18
1 89
0 33
1 31
0 50
0 72
0 10
0 31
0 89
0 11
1 71
1 44
1 66
1 69
1 11
1 86
0 66
0 44
0 94
1 72
1 58
1 52
1 67
0 58
1 42
0 87
0 52
0 47
0 43
1 97
0 72
0 45
0 80
1 68
1 82
0 97
0 68
1 12
1 31
1 62
0 27
0 62
1 96
1 59
0 96
1 27
1 70
1 88
0 22
0 86
0 67
