1000
1 87
0 87
1 76
0 76
1 10
0 10
1 95
1 2
1 23
1 20
1 74
0 74
0 2
0 95
0 20
0 23
1 82
0 82
1 25
1 32
0 32
0 25
1 79
0 79
1 92
0 92
1 87
1 18
0 18
0 87
1 50
1 40
1 33
1 61
0 33
0 40
1 21
0 61
1 12
0 50
1 70
1 23
1 19
1 87
1 40
1 6
0 21
1 72
0 23
1 44
0 87
0 70
0 44
0 72
0 40
0 19
0 12
1 92
0 6
0 92
1 92
0 92
1 88
0 88
1 41
0 41
1 90
0 90
1 41
1 42
1 49
1 98
1 97
0 97
1 82
0 42
1 99
1 80
1 94
1 88
0 41
0 98
0 88
1 66
1 83
0 94
0 83
1 4
1 65
1 85
1 16
0 4
1 44
0 85
1 89
1 19
1 38
1 35
1 81
0 44
0 99
1 1
1 95
0 1
1 68
1 90
0 82
0 66
1 77
0 77
0 95
1 30
1 29
0 16
0 30
0 29
0 68
1 12
1 16
0 90
0 12
1 37
1 39
1 34
0 49
1 60
1 14
1 84
1 50
1 21
1 92
1 55
1 82
1 75
1 71
1 25
1 67
0 25
1 63
1 78
1 36
1 15
1 77
0 80
0 84
0 60
0 55
1 48
1 51
0 48
0 36
1 54
1 79
0 92
0 21
0 75
0 35
1 75
0 65
1 59
1 28
1 41
1 32
1 61
1 40
1 76
1 95
1 20
0 54
1 60
1 12
0 19
0 89
1 42
0 67
0 34
0 16
1 16
0 39
0 12
1 47
1 8
1 58
0 82
0 50
1 17
1 27
0 59
1 18
1 80
1 85
1 55
0 71
0 37
0 38
0 8
1 98
0 79
0 77
0 98
1 24
1 7
0 14
0 81
1 91
0 16
1 86
0 91
1 56
1 52
1 29
0 55
1 33
1 10
0 20
1 83
1 46
1 2
1 87
1 81
0 78
0 17
1 48
0 52
1 16
0 51
0 10
1 21
1 97
0 76
1 71
0 2
0 58
1 82
0 15
1 34
1 62
1 64
1 58
1 1
0 27
1 51
1 84
0 7
1 76
0 48
1 78
1 25
1 79
0 97
0 64
1 8
1 89
1 64
1 3
1 11
1 22
0 85
0 63
1 13
1 65
1 38
1 6
1 26
0 61
0 21
1 30
0 11
0 29
0 34
1 93
0 81
1 35
1 72
0 56
1 2
0 2
1 48
0 25
0 75
1 96
1 43
0 26
1 49
0 46
1 88
1 50
1 75
0 79
1 9
0 83
1 2
1 66
1 17
0 18
1 37
1 98
1 61
1 52
0 9
0 52
0 13
0 51
1 5
1 39
0 2
0 43
1 90
1 12
1 15
0 28
0 86
1 18
1 91
1 7
1 99
1 43
1 51
0 61
0 91
1 73
0 49
0 16
1 74
0 98
1 59
0 82
1 55
0 24
1 44
1 69
1 13
1 4
1 53
0 38
0 55
1 9
0 95
1 10
1 77
1 79
0 32
0 1
0 7
0 9
1 86
1 19
0 74
0 33
0 17
1 14
1 54
1 94
1 45
0 87
1 56
1 67
1 57
0 6
1 68
0 66
1 46
0 5
1 28
0 86
1 100
1 85
1 29
1 91
1 31
1 81
0 91
1 49
1 32
1 91
0 90
0 18
0 72
0 29
1 23
1 55
1 5
1 38
0 79
0 31
1 1
1 20
1 52
1 74
0 85
1 61
1 24
0 57
1 79
1 16
1 17
1 29
0 99
0 76
1 90
1 70
1 63
1 27
1 57
1 66
1 72
1 76
0 94
0 55
1 82
1 25
1 55
0 58
0 50
0 69
0 67
0 89
1 58
1 83
1 26
0 74
1 18
0 38
1 85
0 72
1 98
1 67
0 17
0 65
0 53
1 65
1 21
0 79
0 77
0 60
1 74
1 38
1 97
0 14
1 69
0 78
0 24
1 72
1 6
0 85
0 12
1 60
1 17
0 58
0 30
1 7
1 94
0 32
0 55
0 29
1 9
1 11
0 8
0 61
1 50
0 19
0 13
1 53
1 85
0 35
0 52
0 82
1 19
1 24
1 29
0 7
1 52
0 97
1 92
1 77
1 97
1 2
1 7
1 36
1 95
1 8
1 58
1 61
0 74
0 76
0 19
1 30
1 14
0 59
1 74
1 19
1 76
1 55
1 59
1 86
0 44
0 51
1 31
1 34
0 55
1 78
1 79
1 12
0 16
0 27
1 44
0 12
0 75
1 75
1 99
0 24
1 12
1 35
0 19
0 45
0 81
1 45
0 70
0 14
0 76
1 51
1 81
0 10
1 55
0 83
1 33
0 15
1 10
0 31
1 13
0 69
1 14
1 69
0 58
1 58
1 82
0 44
1 76
0 58
1 15
0 62
0 28
1 27
1 28
1 58
1 16
0 18
0 48
0 8
1 70
0 47
1 8
0 52
0 78
0 68
0 71
1 18
1 24
1 31
1 44
1 19
1 32
1 71
0 17
0 49
0 77
1 48
0 41
1 17
0 7
0 37
1 41
1 83
1 77
0 63
0 50
0 95
1 47
0 15
1 15
1 37
0 2
1 50
0 33
1 49
1 33
1 78
1 87
0 77
0 83
0 25
1 52
0 24
0 87
0 58
1 58
1 24
0 69
0 90
1 62
0 39
0 92
1 83
1 39
0 57
0 93
1 68
0 62
1 57
0 76
0 11
0 13
0 64
1 2
1 89
1 63
0 56
1 90
1 76
1 56
1 62
0 1
0 88
0 66
1 77
1 64
0 8
1 66
0 67
1 7
1 67
1 69
0 84
0 65
0 96
1 8
1 95
0 68
1 65
0 32
0 35
0 46
1 84
1 25
0 19
1 88
1 11
0 91
1 87
1 91
0 8
1 46
1 68
1 92
1 93
1 8
1 32
1 96
1 35
1 1
1 13
1 19
0 78
0 79
1 78
1 79
0 20
0 51
0 97
0 25
1 20
1 97
0 56
0 82
0 44
1 51
1 25
0 76
0 73
0 21
0 83
0 85
1 21
0 95
0 37
0 30
0 25
1 25
0 34
1 95
1 30
1 34
0 18
0 41
0 32
0 68
1 18
0 45
1 32
1 37
0 64
1 41
0 23
0 46
0 19
0 96
1 44
0 58
1 19
0 65
0 88
1 23
0 92
0 94
1 64
1 82
1 88
1 45
0 51
0 55
1 46
0 57
1 94
0 33
1 51
0 2
1 33
0 63
1 96
1 55
1 73
1 2
1 83
0 60
0 2
0 54
1 76
0 37
0 28
0 80
0 16
1 16
1 80
0 86
1 85
1 37
0 20
1 20
1 54
1 56
1 57
1 86
0 37
0 85
0 97
0 3
1 3
0 86
1 28
1 37
1 58
0 88
0 8
0 44
1 86
0 11
0 99
0 70
1 97
0 13
0 96
0 78
0 41
1 78
0 97
1 60
0 71
1 65
1 11
1 41
0 86
1 85
1 63
1 86
1 68
0 1
0 22
0 98
1 70
1 44
1 71
0 91
1 88
1 91
0 19
0 62
1 62
1 92
1 13
0 4
1 96
0 29
0 73
1 73
0 5
0 56
1 99
1 97
1 98
0 31
1 56
0 66
0 96
0 6
0 86
0 62
1 62
1 66
1 4
0 72
1 1
1 72
1 86
0 87
0 7
0 55
0 78
0 24
1 55
0 46
1 19
0 83
1 46
1 78
0 67
0 28
1 67
1 83
1 87
1 28
0 51
1 96
1 24
1 51
1 2
0 99
0 89
0 18
0 55
1 5
1 18
1 89
0 87
0 40
0 98
0 13
0 83
0 70
1 13
1 29
1 22
0 44
0 41
0 76
0 77
1 31
1 40
1 98
1 6
0 97
0 89
1 89
1 41
1 7
1 70
0 3
0 64
0 34
1 55
0 67
1 34
0 47
1 3
1 44
1 47
1 87
0 38
1 38
1 8
0 23
1 23
1 64
1 67
1 76
1 77
1 83
1 97
0 13
1 99
1 13
0 48
0 95
0 29
1 95
1 29
1 48
0 62
0 93
0 32
0 71
1 32
1 93
1 71
1 62
0 53
0 85
1 53
0 69
1 69
0 22
0 92
0 40
1 85
0 42
1 92
1 22
0 60
1 40
0 7
0 69
0 63
0 34
1 60
1 34
0 36
1 63
0 34
1 69
0 62
1 7
1 34
1 36
0 39
1 39
1 42
1 62
0 1
0 22
0 30
0 95
1 95
0 69
1 69
0 89
0 55
0 39
1 55
1 1
0 14
1 89
1 14
0 66
0 76
0 47
1 22
0 15
1 15
1 39
0 11
1 76
1 47
1 30
1 66
0 9
1 9
1 11
0 57
1 57
0 34
0 77
1 34
0 21
0 92
0 63
1 21
1 63
1 77
0 59
0 20
0 14
1 59
1 14
1 92
1 20
0 14
1 14
0 37
1 37
0 77
0 68
