1000
1 38
0 38
1 18
0 18
1 75
0 75
1 91
0 91
1 74
1 5
1 96
1 72
0 74
1 58
1 36
1 20
1 33
1 54
0 5
0 36
0 58
0 33
0 54
1 73
0 72
1 68
1 62
0 62
0 73
1 4
1 72
0 4
0 96
0 68
0 20
1 66
1 1
1 60
1 41
1 21
1 33
1 38
1 7
0 7
0 1
0 41
0 66
0 33
0 60
1 47
0 38
1 7
0 72
0 21
1 69
1 98
1 34
1 59
0 34
0 47
1 39
1 25
0 25
0 39
1 96
1 97
0 98
1 30
1 64
0 97
1 97
1 27
1 28
0 69
1 55
0 59
0 55
0 96
1 11
1 35
1 65
0 27
0 11
0 7
1 96
1 70
1 3
0 97
1 53
0 53
1 53
0 3
0 96
1 95
1 88
1 91
0 53
0 95
1 96
1 25
1 67
0 88
0 25
1 47
1 32
1 66
0 70
0 96
1 56
0 32
0 47
0 67
1 81
1 68
0 65
1 83
1 44
0 44
1 2
0 83
1 31
0 68
1 13
0 35
0 81
1 70
1 71
1 97
1 1
1 54
1 96
1 3
1 9
0 1
0 56
0 3
1 26
0 13
0 26
0 97
0 28
0 9
0 71
0 31
0 30
0 64
0 54
1 100
0 91
1 99
0 66
0 96
1 25
0 25
0 100
1 42
0 70
0 99
1 72
1 26
1 54
1 33
1 74
1 94
1 4
0 74
1 95
1 75
0 33
0 75
1 61
1 38
0 4
1 32
0 72
1 89
0 94
0 95
1 69
1 81
0 81
0 38
0 2
0 26
1 82
1 36
0 82
0 32
0 54
1 23
1 49
0 61
1 96
1 50
0 23
1 51
1 78
1 28
1 24
0 42
0 96
0 89
0 28
1 5
0 5
1 3
1 33
1 59
1 93
0 33
0 50
1 55
1 17
0 59
1 80
0 24
1 4
1 64
1 34
1 62
0 55
0 80
1 47
0 47
0 69
1 16
1 69
1 26
0 93
1 90
1 79
0 69
1 95
1 88
1 53
0 64
1 40
0 90
0 51
0 34
0 49
0 3
0 62
1 80
0 40
0 4
0 17
1 75
0 36
0 53
0 75
0 16
0 78
0 95
0 88
1 61
0 61
0 79
1 59
0 80
0 26
1 97
1 34
1 98
0 97
0 34
0 59
1 39
0 98
1 99
1 64
1 17
0 39
1 86
0 64
0 99
0 17
1 16
0 16
0 86
1 97
0 97
1 75
1 27
0 75
1 100
0 100
0 27
1 84
1 73
1 74
0 74
1 69
1 9
0 9
0 73
1 37
0 37
1 9
1 39
0 9
0 84
1 17
0 39
1 41
1 48
1 1
1 52
1 100
1 57
0 17
0 69
1 93
1 19
1 61
1 44
0 44
1 35
0 35
1 95
0 1
0 93
1 20
0 48
1 30
1 53
0 100
1 29
1 93
0 19
1 72
1 11
0 53
0 52
1 54
0 41
0 93
1 31
1 87
0 11
0 72
0 31
1 36
1 51
1 35
1 12
1 67
0 61
1 50
0 95
1 62
0 87
0 29
0 20
1 45
1 31
0 67
1 40
0 35
0 57
0 36
1 13
0 30
1 21
1 23
1 16
0 54
1 11
0 11
0 12
0 13
0 21
0 51
0 40
1 9
0 62
0 9
1 24
1 76
1 60
0 23
1 83
0 83
1 47
1 83
1 22
0 31
0 22
0 76
0 83
0 16
0 50
0 47
1 1
0 1
1 32
0 24
0 60
0 45
1 65
0 32
1 71
1 16
0 65
0 16
0 71
1 7
1 15
1 63
1 75
0 15
0 75
0 7
1 33
0 63
1 49
1 41
1 43
0 41
0 43
0 33
0 49
1 85
0 85
1 97
1 13
1 27
1 82
1 62
1 14
1 79
1 17
0 14
1 18
0 13
0 62
1 16
0 27
0 18
1 24
0 79
0 82
0 16
1 2
1 84
1 69
0 69
0 97
1 30
0 24
0 30
1 99
1 29
1 64
0 64
1 80
1 98
0 98
0 2
0 29
0 17
0 99
0 80
1 85
0 85
1 60
0 84
0 60
1 76
1 31
0 76
1 14
1 24
1 94
0 24
1 1
1 66
0 31
1 96
0 14
1 41
1 73
1 74
0 74
0 73
0 1
0 94
1 17
1 99
1 13
0 41
0 17
1 7
1 90
0 13
1 61
0 96
0 90
0 7
0 66
0 99
1 30
1 72
0 72
1 86
1 40
0 61
0 40
0 86
1 78
0 30
1 95
1 44
1 9
1 97
0 44
0 78
1 7
1 32
0 32
1 50
1 36
0 97
1 96
1 99
0 36
1 5
0 99
1 90
1 11
0 11
1 73
1 52
1 41
0 73
0 9
0 50
1 68
1 57
1 88
0 41
0 7
1 91
0 88
0 90
0 57
1 64
1 34
0 64
0 5
1 22
0 22
1 74
0 74
0 96
0 52
0 68
0 34
1 5
0 91
0 5
1 33
1 96
0 33
0 95
1 8
0 96
0 8
1 50
1 13
1 82
0 13
1 10
1 47
1 11
0 10
1 87
1 83
0 50
1 34
0 47
1 81
1 96
0 83
1 21
1 63
1 41
1 89
0 82
1 4
1 71
1 2
0 21
0 63
1 75
1 97
1 36
0 75
0 89
0 96
1 48
1 30
1 12
1 68
1 26
0 2
0 87
1 73
0 41
1 31
0 26
0 48
1 82
1 45
1 26
0 31
1 90
1 37
0 30
0 4
0 37
1 2
1 99
1 98
0 73
0 34
0 71
0 97
0 12
1 42
1 38
1 9
1 46
1 48
1 63
0 38
1 50
1 64
1 6
0 68
1 31
1 32
1 7
1 10
0 7
0 36
0 42
1 40
0 82
0 98
0 10
0 48
0 2
1 12
0 50
0 6
1 69
1 20
0 31
0 69
1 68
1 43
0 63
0 9
1 76
0 20
1 60
0 68
1 27
0 99
0 11
0 60
0 45
1 13
1 93
1 17
0 26
1 16
1 58
1 24
0 32
0 12
0 40
0 46
0 24
0 64
1 46
0 90
0 27
1 44
0 16
0 46
1 99
1 96
0 13
1 42
1 72
1 73
1 92
1 16
1 74
0 42
0 76
1 26
1 5
1 100
0 17
0 92
0 100
1 95
0 43
0 5
1 21
0 74
1 98
0 73
1 46
0 95
1 42
1 12
0 44
0 81
0 46
1 68
1 57
1 47
0 98
1 73
0 96
0 73
0 58
0 47
0 21
1 4
0 68
1 74
0 57
1 14
1 52
0 42
1 84
1 28
0 93
0 14
1 41
1 65
0 16
1 8
1 38
0 84
0 74
0 72
0 26
1 66
0 8
1 60
0 41
0 65
0 4
1 10
0 66
0 52
1 69
0 12
1 5
0 99
1 45
1 19
0 38
1 38
0 60
0 28
0 69
0 5
1 68
0 38
1 84
0 84
1 27
0 45
0 27
0 19
0 10
0 68
1 6
0 6
1 42
1 46
1 31
0 42
0 46
0 31
1 83
0 83
1 55
0 55
1 69
0 69
1 16
0 16
1 41
0 41
1 91
0 91
1 16
1 56
1 41
1 99
0 16
0 99
1 53
1 94
0 94
0 56
0 53
0 41
1 66
1 96
1 51
1 92
1 3
0 92
1 55
1 33
1 94
1 83
1 34
0 83
1 13
1 6
1 35
1 19
1 8
1 62
1 99
0 35
1 56
1 46
1 14
0 66
0 46
1 46
1 86
1 7
0 56
1 9
1 10
0 34
0 9
0 10
0 8
1 82
0 86
1 53
1 22
0 55
1 86
0 7
0 33
0 3
0 99
1 8
0 6
1 84
1 3
1 87
1 57
0 46
1 63
0 19
0 57
0 8
1 15
0 62
1 17
0 53
0 14
0 51
1 57
1 71
1 4
1 88
0 4
0 17
1 85
1 81
1 89
1 95
0 71
1 31
0 85
0 87
1 4
1 61
1 51
1 97
0 89
1 7
1 87
0 31
1 77
1 6
0 77
0 3
1 41
0 88
0 95
1 47
1 95
1 42
0 6
0 95
1 16
1 21
0 61
1 85
1 88
1 95
1 18
0 97
0 21
1 60
0 86
0 63
1 71
0 88
0 7
1 59
0 81
0 13
0 15
0 84
1 8
1 35
0 47
0 71
1 23
1 52
1 36
0 8
1 7
0 16
1 89
0 22
0 57
1 91
1 20
1 48
0 91
0 96
1 57
1 69
0 89
0 94
1 45
1 34
1 8
0 48
1 71
0 36
0 95
1 14
1 61
1 15
0 41
0 35
0 15
1 44
1 84
1 35
0 44
1 24
0 85
0 60
0 8
0 42
0 14
0 61
0 82
1 37
1 75
0 20
1 39
1 94
0 75
1 83
1 55
0 24
1 62
1 16
0 52
1 72
0 72
0 34
1 36
1 56
1 9
1 70
1 24
1 11
