1000
1 37
1 17
1 52
1 24
0 52
0 37
0 24
1 85
1 51
1 19
1 31
0 85
0 31
0 19
1 37
0 37
1 79
0 79
0 17
1 15
0 51
0 15
1 61
0 61
1 95
1 85
1 67
0 85
0 67
0 95
1 47
0 47
1 95
1 72
1 93
1 29
0 72
0 29
0 93
0 95
1 89
1 76
1 41
0 76
0 89
1 9
0 41
0 9
1 16
0 16
1 64
1 93
1 60
1 16
0 64
0 16
1 14
0 14
1 4
1 31
1 41
1 56
1 52
0 56
0 93
1 79
1 14
0 41
1 66
0 79
0 66
0 4
1 22
0 22
1 68
1 48
0 14
0 60
1 13
1 58
0 68
0 13
1 85
1 89
0 31
0 52
0 48
1 55
0 55
0 85
1 81
1 79
1 29
0 89
0 58
0 81
0 79
0 29
1 48
0 48
1 95
0 95
1 22
0 22
1 56
0 56
1 46
0 46
1 26
1 47
1 72
1 71
1 19
1 27
1 64
0 27
1 22
0 72
0 64
1 42
0 26
1 60
0 60
0 22
0 19
1 18
1 43
0 47
1 33
0 43
1 59
1 56
0 71
0 59
0 18
1 64
0 64
1 83
0 33
1 25
0 83
1 35
1 47
1 96
1 85
0 47
0 96
1 89
1 51
0 89
1 31
0 56
0 85
0 25
0 35
1 53
0 42
1 49
0 31
1 66
0 53
0 66
0 49
1 85
1 7
0 51
0 7
1 24
0 24
0 85
1 80
1 72
1 9
0 9
1 9
1 85
1 70
0 85
0 80
0 9
0 70
1 87
0 87
1 62
0 72
1 42
1 78
0 78
1 55
0 62
1 34
1 21
0 34
1 27
1 1
1 76
0 42
1 9
0 55
1 64
1 80
1 50
1 11
1 78
1 53
1 63
0 64
1 85
1 83
0 83
0 80
1 32
1 2
1 41
1 64
0 78
0 11
0 76
0 1
0 9
1 76
0 50
0 32
1 38
1 73
0 41
1 22
0 64
1 83
0 53
0 63
1 13
0 38
1 12
1 41
1 48
0 22
0 48
1 10
0 21
1 99
1 42
0 73
1 96
0 2
1 28
1 43
1 14
0 83
0 28
1 16
1 54
0 10
0 42
0 13
0 99
0 76
0 27
1 6
0 41
0 16
1 76
1 73
0 54
0 6
0 73
1 86
0 12
1 12
0 96
1 34
0 12
1 79
0 79
0 85
1 71
0 86
1 87
0 34
0 14
0 87
0 76
1 26
1 93
1 27
1 23
1 29
1 77
0 77
1 79
0 26
0 29
1 90
1 80
0 80
0 27
0 23
0 71
0 43
0 79
1 65
1 21
0 90
1 29
1 42
0 65
1 48
0 42
1 74
1 39
0 39
1 9
1 44
0 29
1 34
1 78
0 48
1 11
0 93
1 98
1 3
0 74
1 16
0 44
1 36
1 99
1 67
0 98
1 13
0 99
0 11
0 3
0 34
1 33
0 33
1 61
1 43
0 16
1 87
0 43
0 67
1 94
1 89
0 9
0 89
1 96
1 7
1 52
1 62
1 77
1 84
1 88
0 7
1 10
1 50
1 53
0 61
0 10
1 79
1 80
1 75
1 92
0 88
1 71
0 92
0 21
0 77
0 52
1 85
1 68
1 8
1 73
0 79
0 13
1 92
0 92
1 51
1 88
0 75
0 71
1 44
0 78
1 92
1 70
0 87
0 36
1 89
1 17
0 94
0 44
1 42
0 70
1 3
1 45
0 45
0 8
1 63
1 59
1 8
1 1
1 12
1 4
1 87
0 59
1 64
1 35
0 85
1 6
1 82
0 87
0 92
0 63
0 68
1 40
0 40
1 90
0 88
0 17
1 54
1 74
1 44
0 53
0 50
0 1
1 56
0 42
0 74
1 38
0 8
1 55
1 92
1 22
0 73
0 89
0 96
1 15
1 1
0 6
0 84
0 55
1 23
0 23
1 86
0 51
0 64
0 12
1 83
1 49
0 92
1 31
1 2
0 90
1 92
0 3
1 90
1 65
1 29
1 63
1 21
1 42
0 90
1 34
0 38
1 72
0 42
1 97
0 44
0 34
0 15
1 76
1 45
0 31
1 70
1 10
1 5
0 1
0 92
0 45
0 80
1 80
0 29
0 35
1 85
1 61
1 19
1 57
0 61
0 19
1 19
0 72
1 87
1 55
1 45
0 56
0 85
0 22
1 22
0 19
1 28
1 88
0 54
1 66
0 10
1 72
1 67
1 46
0 88
0 86
0 49
1 50
1 56
1 68
0 82
0 66
0 45
1 35
0 55
0 5
1 41
1 17
1 96
0 67
0 2
1 47
1 40
1 15
1 93
1 31
0 87
1 20
0 68
1 95
1 49
1 42
1 43
0 63
0 4
1 32
0 96
1 52
0 43
0 70
0 17
0 62
1 62
0 41
0 93
0 56
0 97
0 72
0 31
1 69
0 15
0 40
1 71
0 32
0 62
0 49
0 28
0 71
1 98
1 3
0 21
1 66
0 42
0 52
0 47
1 77
0 66
1 100
1 10
0 83
1 13
1 39
0 80
1 48
1 93
1 47
1 34
1 7
0 95
0 93
1 23
1 81
1 41
0 77
1 24
1 43
0 35
1 4
0 3
1 89
0 4
0 57
1 99
1 49
0 69
0 81
1 56
1 1
1 85
0 47
1 71
1 28
0 85
1 21
1 17
0 21
1 15
1 53
0 48
0 76
1 76
1 92
0 23
1 30
1 93
0 46
0 41
1 14
1 54
1 68
0 49
0 7
1 16
1 94
0 34
0 50
1 36
1 90
1 8
0 100
1 91
0 94
0 91
1 95
1 32
1 42
0 30
0 10
0 68
0 20
1 45
1 41
0 16
1 29
1 16
1 33
0 16
0 89
0 42
0 29
1 81
1 35
0 14
1 25
0 33
0 39
1 97
0 22
1 46
0 32
0 95
1 29
1 74
1 37
1 100
1 38
0 98
1 7
1 88
1 87
0 53
0 13
1 89
0 36
1 95
0 24
0 25
0 99
0 93
0 17
1 25
0 1
0 100
0 81
0 29
1 93
0 89
0 56
1 47
1 59
1 48
1 77
0 47
0 28
0 25
1 16
0 65
0 74
0 45
1 94
0 46
1 68
1 46
1 74
0 37
0 90
1 9
0 76
0 38
1 63
1 64
1 3
1 75
0 92
0 93
1 83
1 38
1 27
0 7
0 3
1 56
0 75
0 43
0 38
0 59
1 21
1 65
0 16
1 79
0 27
0 15
0 9
1 50
0 50
0 95
1 55
1 76
0 68
0 77
1 29
0 54
0 94
0 65
1 58
1 26
1 66
1 80
1 75
0 71
0 29
0 66
0 46
0 8
0 21
0 58
0 26
0 41
1 84
0 88
0 48
0 74
1 29
0 56
0 63
0 55
0 97
0 75
0 83
1 25
0 84
0 80
0 76
1 86
1 66
0 64
1 80
0 80
0 29
0 66
0 87
1 52
1 28
1 76
1 8
0 28
0 8
1 75
0 79
1 83
0 52
0 75
0 35
1 27
0 25
0 76
0 83
1 53
1 28
0 53
1 61
0 61
1 51
1 15
0 86
0 27
0 51
0 28
1 76
0 15
0 76
1 12
0 12
1 17
1 18
1 5
0 18
1 58
0 17
0 5
1 31
1 42
0 31
0 42
0 58
1 80
1 48
1 89
0 48
0 89
0 80
1 84
0 84
1 51
1 71
1 3
1 32
0 71
1 19
1 99
1 54
0 99
1 58
0 51
0 54
1 57
0 57
0 3
1 33
0 33
1 61
1 3
1 47
0 19
0 47
0 32
0 3
0 58
1 66
1 20
1 37
0 66
1 41
0 37
1 71
0 71
1 39
0 20
1 32
0 61
1 60
1 66
0 41
1 6
0 66
0 32
0 6
1 3
1 98
0 60
1 99
0 39
1 85
0 3
1 76
1 74
1 31
0 74
1 88
1 89
0 85
0 98
1 32
1 33
1 72
1 64
0 64
1 10
1 61
1 53
0 76
0 32
0 88
0 61
0 99
0 53
1 15
1 97
0 10
1 55
0 55
1 56
0 15
0 72
0 31
0 97
0 33
0 89
0 56
1 45
1 2
0 45
0 2
1 23
0 23
1 35
1 42
0 42
1 36
1 9
0 9
0 36
1 81
0 35
0 81
1 53
1 80
1 72
1 6
0 6
0 80
1 25
1 58
1 81
0 53
0 58
1 5
0 25
1 21
0 21
1 59
1 86
1 68
0 5
0 72
0 68
0 59
0 81
1 61
1 50
1 80
0 50
0 80
1 37
0 86
1 80
0 61
0 37
1 79
1 12
1 14
0 12
1 59
0 80
1 15
0 79
0 15
1 77
1 80
0 14
1 18
1 36
0 59
0 77
0 36
1 89
1 60
1 9
1 73
1 57
0 73
1 16
1 23
1 14
0 60
0 9
0 57
0 14
1 74
