1000
1 78
0 78
1 79
0 79
1 28
0 28
1 15
1 82
1 17
1 58
0 58
0 15
0 82
1 14
0 17
1 36
0 36
1 5
0 14
0 5
1 43
0 43
1 27
0 27
1 7
0 7
1 89
1 50
0 89
0 50
1 49
0 49
1 37
1 12
1 77
1 34
1 51
0 77
1 44
1 31
1 18
0 34
1 89
0 31
1 48
1 7
0 51
1 98
0 18
1 5
0 48
0 7
0 98
0 44
1 76
1 32
1 47
1 67
0 89
1 87
0 87
1 80
1 69
1 50
0 47
0 50
0 37
1 94
1 96
1 53
0 53
0 32
0 76
1 95
1 27
1 34
1 18
0 27
0 96
0 34
1 71
0 18
1 81
1 66
1 35
0 12
0 5
1 98
1 72
0 72
0 81
0 35
0 95
1 42
1 82
1 35
1 83
0 94
1 56
1 84
0 84
1 8
0 8
1 48
1 16
1 90
1 68
0 48
1 85
0 67
0 69
0 80
1 24
0 66
1 76
0 24
1 57
1 50
1 62
1 12
1 23
1 69
1 91
0 62
0 82
0 71
1 1
0 56
0 57
1 84
0 16
1 58
0 23
0 98
1 10
0 68
1 33
0 76
0 58
0 84
0 33
0 90
1 49
1 40
0 12
1 59
0 10
1 73
1 2
0 69
0 85
1 27
0 49
1 20
0 27
0 2
0 83
0 73
0 40
0 42
0 20
1 9
1 6
1 79
1 85
0 9
1 13
1 92
1 64
0 35
1 71
1 68
1 80
1 19
1 34
0 19
1 86
1 2
1 24
0 6
1 6
1 61
1 16
0 59
0 92
0 86
1 93
1 10
1 29
0 6
0 1
1 94
0 71
1 48
1 69
0 2
1 88
0 13
1 87
1 49
0 80
1 70
0 24
1 23
1 24
1 39
0 61
0 69
0 50
1 25
1 30
1 80
1 51
0 49
0 79
1 26
1 7
1 59
0 87
0 23
0 70
0 10
0 88
1 45
0 68
1 58
0 7
0 24
0 59
0 25
1 70
1 95
0 80
1 47
0 51
1 56
0 47
1 76
1 69
0 58
1 67
1 62
1 41
1 47
1 15
0 48
1 31
0 41
1 13
1 86
0 30
0 69
1 68
1 79
0 34
1 54
1 71
1 82
1 87
0 70
0 45
1 53
0 82
0 87
1 61
1 69
0 62
1 100
1 90
1 59
0 71
1 99
0 53
0 93
0 39
1 22
0 59
0 90
0 68
1 40
0 54
0 99
0 64
1 23
1 9
0 86
1 89
0 47
0 61
0 56
0 26
1 55
1 28
0 69
1 19
0 28
1 32
1 62
0 19
0 40
0 31
0 94
0 67
0 13
0 22
1 60
0 95
0 9
1 10
0 89
1 30
0 79
1 13
0 60
1 8
0 55
0 91
0 15
1 45
1 36
1 87
0 87
1 63
1 52
1 96
1 49
0 29
0 100
0 45
1 33
0 96
0 62
1 56
0 8
0 33
1 31
0 10
0 31
0 63
0 52
1 65
0 76
0 56
1 31
0 30
0 32
1 33
0 65
1 11
1 22
0 33
0 13
0 36
0 85
1 4
1 75
1 45
0 4
0 45
0 31
0 11
0 16
1 24
0 75
0 22
1 14
1 96
1 17
0 14
1 92
1 40
0 92
1 76
1 25
1 81
0 40
1 62
1 12
1 75
0 25
1 50
0 17
1 79
1 5
1 18
1 67
1 47
1 42
1 11
1 69
0 23
0 5
1 43
1 52
0 12
1 46
0 49
1 87
0 79
0 47
1 70
0 50
0 67
0 24
1 49
0 87
0 76
1 40
1 100
1 39
0 100
1 38
1 5
0 40
1 41
0 42
1 28
0 96
0 41
1 32
0 11
0 75
1 6
0 70
0 39
1 21
1 64
0 81
1 75
1 54
1 1
0 21
1 100
1 89
0 69
1 94
1 55
1 10
0 89
1 87
0 49
1 41
0 46
0 5
1 34
0 54
1 30
1 47
0 32
1 56
0 41
1 48
1 14
0 18
0 55
1 20
1 82
0 75
1 49
0 20
0 47
1 15
1 33
0 87
0 30
0 43
1 24
0 64
1 2
1 11
1 85
1 69
0 56
0 82
1 36
0 52
0 10
0 69
0 14
1 84
0 94
1 27
0 62
0 33
1 31
1 86
0 48
0 34
1 26
1 16
1 29
1 56
1 3
1 87
0 6
0 38
1 61
1 83
1 7
1 53
1 4
1 72
0 31
1 52
1 70
0 4
1 47
0 85
1 45
0 56
0 61
1 18
0 27
0 47
0 83
0 86
1 43
0 18
1 94
0 24
0 70
1 83
0 28
1 12
1 64
1 35
0 16
0 7
1 78
0 72
0 100
1 37
0 87
0 2
1 38
0 36
1 79
0 11
1 70
0 35
0 29
0 43
1 2
1 85
1 62
1 92
1 63
0 94
0 37
1 27
1 88
0 38
0 62
1 94
0 88
0 83
0 63
1 17
1 66
0 53
0 85
0 1
0 17
0 64
0 66
0 2
1 51
1 64
0 78
1 9
0 26
0 92
1 50
0 52
1 62
0 12
1 44
1 98
0 98
1 57
1 72
1 83
0 57
1 10
1 99
1 85
1 65
0 45
1 55
1 7
1 93
1 46
1 77
1 73
1 16
1 52
0 15
0 73
0 9
1 71
0 93
0 79
0 94
1 86
1 19
0 44
1 90
0 90
1 20
0 50
0 71
1 48
0 52
0 16
1 100
1 54
0 7
1 2
0 51
0 2
0 83
0 3
1 87
0 46
0 100
1 14
1 21
0 84
1 76
0 86
1 69
1 23
0 77
1 74
1 7
1 25
1 51
1 6
0 54
1 13
1 31
0 51
1 9
1 77
1 81
0 14
0 76
0 20
1 93
0 23
1 96
1 18
0 19
0 77
0 64
1 4
0 70
1 15
0 69
0 10
1 51
1 76
1 73
0 4
1 78
0 81
1 81
1 92
1 66
1 67
0 27
0 76
1 90
1 63
0 65
1 61
1 95
1 94
1 60
1 10
1 57
0 61
1 40
0 66
1 47
1 65
0 10
0 25
1 29
1 88
1 34
1 64
1 76
1 37
1 70
0 96
0 76
0 65
0 29
1 22
1 77
1 5
0 60
1 75
1 29
1 96
0 37
0 7
1 56
1 2
0 90
1 41
1 19
0 77
1 52
0 88
0 15
0 9
1 39
0 72
1 88
0 57
1 100
0 18
1 33
1 35
1 14
1 42
0 19
0 40
0 47
1 30
0 48
0 93
1 57
0 14
0 29
1 79
0 64
0 56
1 82
1 80
0 22
0 39
1 64
0 5
1 53
0 87
0 92
0 51
1 40
1 56
1 43
0 75
1 98
1 97
0 99
1 8
0 94
0 53
1 93
1 1
1 89
0 21
1 87
1 53
0 43
0 67
1 99
0 95
0 99
1 36
1 32
0 36
0 73
0 97
1 10
0 1
1 60
0 49
1 71
1 99
1 20
0 41
0 96
0 55
0 82
0 10
0 81
1 27
0 98
0 57
0 53
0 33
0 79
0 60
0 2
0 85
1 33
1 10
1 58
0 56
1 97
0 27
0 13
1 82
0 30
0 74
1 14
0 71
1 83
1 22
1 1
1 47
0 89
1 17
0 70
1 70
1 65
1 27
1 69
0 31
0 87
0 10
0 100
1 43
1 66
1 5
0 27
0 97
0 78
0 20
1 89
1 18
0 33
1 50
0 1
0 82
1 92
0 42
0 14
0 88
0 43
1 28
1 41
0 34
1 90
0 40
1 36
0 93
0 69
0 8
0 17
1 38
0 32
1 39
0 65
1 74
1 30
1 23
1 78
1 7
1 93
0 50
0 41
0 92
1 60
0 28
1 40
0 63
0 30
1 31
1 72
0 93
0 83
1 8
0 40
1 21
0 78
1 14
0 74
0 89
1 92
0 66
0 60
1 29
1 84
1 13
1 37
1 55
0 22
0 55
0 6
1 32
0 84
0 64
1 30
1 68
0 7
0 14
1 86
0 21
1 73
1 69
0 37
1 12
0 72
1 33
1 81
0 5
1 95
1 91
0 58
1 77
0 13
0 35
0 95
0 70
0 80
0 68
0 86
1 24
0 18
1 94
0 52
1 100
1 37
0 94
0 47
1 17
1 59
0 73
0 90
1 1
0 32
1 56
0 62
0 33
1 41
0 91
0 23
1 89
0 39
0 81
1 21
0 77
0 37
1 23
1 93
0 21
0 38
0 24
1 13
0 59
0 92
1 2
0 17
0 31
1 78
1 73
1 3
0 36
0 3
0 69
1 60
0 99
1 19
0 73
1 68
0 89
1 52
1 66
1 79
0 66
0 13
0 30
0 78
1 77
0 1
0 56
1 11
1 16
1 26
0 23
0 79
0 16
1 72
0 52
0 68
1 66
1 20
1 79
0 77
0 29
0 2
1 77
1 47
1 3
0 41
0 77
