1000
1 63
0 63
1 72
0 72
1 71
1 5
1 51
1 35
0 35
1 57
0 57
1 36
1 64
1 25
0 25
0 5
0 64
1 57
0 36
1 27
1 65
1 34
0 65
1 55
0 57
1 95
1 59
0 55
1 28
1 20
1 65
0 34
0 28
0 20
1 37
1 66
0 27
0 59
0 95
1 6
0 66
0 65
1 81
0 37
0 6
1 90
1 59
0 90
1 91
1 17
0 59
1 34
0 17
1 93
0 51
1 45
0 93
0 91
1 97
1 22
1 61
0 45
1 68
0 68
0 22
1 91
0 71
1 28
0 97
0 34
0 81
1 95
0 28
0 91
0 95
0 61
1 20
1 21
0 21
1 25
1 94
1 95
0 95
1 54
0 94
1 92
1 19
0 25
0 19
0 20
0 54
1 9
0 9
0 92
1 62
1 85
0 62
1 75
0 75
0 85
1 52
0 52
1 77
1 57
1 30
0 77
0 57
1 60
0 60
0 30
1 31
1 78
0 31
1 60
1 38
1 17
1 81
1 29
0 78
1 74
1 93
0 17
0 74
1 61
0 60
1 80
1 28
0 81
0 61
1 56
0 29
1 92
1 45
1 13
1 41
1 65
0 13
0 93
0 28
1 18
1 59
1 23
0 65
1 5
1 83
0 56
1 69
0 45
0 92
1 78
1 17
0 17
1 61
0 18
1 2
1 30
0 23
1 96
0 38
0 41
0 5
0 80
0 61
0 69
0 30
0 78
1 40
1 91
0 40
0 59
0 96
1 98
0 2
0 91
0 98
1 37
0 83
0 37
1 83
1 96
1 59
0 83
0 59
0 96
1 51
1 20
1 68
0 68
1 52
0 51
1 13
1 45
0 52
0 13
1 23
0 45
1 95
0 23
0 20
0 95
1 54
1 55
1 51
0 54
0 55
1 68
0 51
1 98
1 59
1 31
0 68
0 31
1 65
0 98
1 26
1 73
1 66
0 73
1 30
0 65
0 30
1 24
1 34
1 78
1 42
1 5
0 5
0 42
0 66
0 34
0 59
1 90
1 5
0 78
1 96
1 54
1 1
0 1
0 96
1 50
1 19
0 24
1 55
1 31
1 56
0 26
0 19
1 57
1 17
0 31
0 56
0 5
0 55
0 57
1 22
0 17
1 37
1 31
1 12
0 90
1 57
0 31
1 42
1 86
0 50
1 29
0 86
0 22
1 77
1 88
1 65
1 84
0 65
1 92
0 88
1 90
0 92
1 20
0 90
1 94
1 74
1 98
0 94
1 99
0 84
0 42
1 35
0 20
1 50
0 98
0 12
1 23
1 64
0 54
1 72
0 99
1 12
0 77
1 34
1 11
0 11
1 93
1 98
1 65
0 34
1 43
1 42
0 57
0 35
0 64
1 38
0 12
0 74
1 75
1 11
0 50
1 90
1 12
1 81
1 77
0 12
0 72
0 29
0 93
1 48
0 65
1 1
0 77
0 23
0 90
0 11
1 56
0 1
1 31
0 98
0 43
0 48
0 31
1 43
1 24
1 76
1 25
1 65
1 77
0 75
1 57
0 81
0 56
0 37
1 26
0 43
1 45
1 68
1 97
1 86
1 69
0 97
1 73
0 65
0 76
0 86
1 55
1 72
0 69
1 69
0 38
1 13
1 78
0 73
1 90
1 31
0 68
0 24
0 90
1 87
0 72
1 32
0 69
1 8
1 90
1 22
1 52
0 90
0 8
0 77
1 65
0 65
0 32
1 43
1 14
0 42
1 46
1 60
0 43
1 93
1 21
1 64
0 55
1 35
1 51
1 56
0 57
1 54
0 93
0 46
1 84
0 60
1 40
0 25
0 52
1 76
1 86
0 13
0 14
1 94
0 78
0 86
0 64
1 55
0 55
1 70
1 95
0 76
0 35
1 43
1 28
1 46
0 56
1 96
0 21
0 54
1 20
1 91
1 41
1 86
0 28
1 19
0 86
1 21
0 26
0 31
1 68
0 19
0 68
1 44
1 68
1 11
1 53
0 91
0 68
0 44
0 41
0 70
1 56
0 40
1 80
1 74
0 87
1 99
1 30
1 85
0 80
0 22
0 21
1 35
0 94
0 95
1 68
1 66
0 30
0 99
0 84
1 49
0 85
1 33
1 82
0 96
1 52
0 35
0 20
1 75
0 52
0 53
1 100
1 64
0 75
0 45
0 43
1 25
0 74
1 50
0 66
1 88
1 47
0 25
1 57
0 46
0 51
1 36
0 56
1 30
0 64
0 100
0 50
1 1
0 33
0 88
0 49
0 30
1 86
1 33
1 14
0 14
0 47
0 82
1 47
1 80
0 1
0 36
0 68
0 47
0 57
1 45
1 97
0 11
0 33
0 97
0 86
1 4
0 80
1 7
1 30
0 4
0 45
1 97
1 60
0 97
0 7
0 30
0 60
1 70
0 70
1 43
0 43
1 62
1 31
0 62
1 16
0 31
0 16
1 75
1 17
0 75
1 43
1 94
1 5
0 43
0 17
0 5
0 94
1 78
0 78
1 49
0 49
1 64
1 39
0 39
0 64
1 22
0 22
1 28
1 87
0 28
0 87
1 78
0 78
1 54
0 54
1 1
0 1
1 84
0 84
1 22
0 22
1 70
0 70
1 81
0 81
1 59
0 59
1 72
0 72
1 69
1 20
1 49
1 5
1 13
0 5
0 49
0 13
0 20
0 69
1 68
0 68
1 79
1 90
1 74
1 37
0 79
1 29
1 99
0 37
1 57
0 57
1 20
1 78
0 99
0 20
0 29
1 60
1 32
1 6
0 6
1 56
0 74
0 56
0 78
0 90
1 95
0 95
0 32
0 60
1 86
1 25
0 86
0 25
1 26
0 26
1 60
1 17
0 60
0 17
1 87
0 87
1 77
0 77
1 94
0 94
1 70
1 59
0 70
0 59
1 11
1 40
1 20
1 35
0 35
0 20
1 100
0 100
1 23
1 62
1 47
0 23
0 47
1 78
0 40
1 20
1 68
0 20
1 63
1 59
0 62
1 82
0 59
0 63
0 78
1 80
0 80
1 33
1 76
0 82
0 68
1 30
1 85
0 85
0 76
0 30
0 33
0 11
1 90
1 17
0 90
0 17
1 73
1 100
1 72
1 69
0 69
0 72
0 100
0 73
1 97
1 11
1 28
1 40
0 40
1 39
0 39
1 15
0 11
0 28
1 93
1 38
1 78
0 93
1 9
1 14
1 72
1 77
0 78
0 9
0 38
0 15
1 3
1 89
0 77
0 14
1 64
1 13
0 64
0 89
0 97
1 66
0 13
1 57
1 89
1 64
1 28
1 25
0 25
1 96
1 23
1 95
1 87
1 7
1 62
0 28
0 7
0 62
1 21
1 8
1 6
0 96
1 35
1 9
1 4
1 97
1 5
1 7
0 6
1 36
0 72
1 65
1 40
1 42
0 9
0 35
0 66
0 3
1 59
0 59
1 43
0 65
1 6
1 33
0 40
1 37
0 42
0 33
0 5
0 43
0 8
0 6
1 79
0 4
1 10
1 24
1 39
1 72
1 90
0 7
1 96
1 78
1 49
0 72
1 77
1 85
1 80
0 80
0 85
1 15
0 95
1 81
0 57
0 10
0 15
0 21
1 50
0 23
0 36
0 39
1 68
1 28
0 97
0 87
1 54
1 41
0 24
0 96
1 2
0 41
0 37
1 14
0 14
0 2
1 93
1 41
0 28
1 48
1 59
0 49
1 19
0 81
0 78
1 80
1 69
0 50
0 59
1 82
0 93
1 87
0 80
1 5
0 77
1 58
1 8
1 98
0 98
1 17
1 70
0 68
1 71
0 82
0 70
0 17
0 71
1 22
1 86
0 41
1 77
0 5
0 89
0 69
1 33
0 19
0 64
1 63
0 48
1 5
0 63
1 13
1 61
0 61
0 5
0 87
0 54
1 32
0 13
0 32
1 97
1 20
0 97
0 22
1 7
0 86
1 22
1 10
0 33
0 79
1 81
0 20
1 51
0 51
1 6
0 22
0 77
1 53
1 15
0 8
1 38
0 6
1 97
0 15
0 7
1 67
1 98
1 5
0 5
1 16
0 10
0 67
0 53
1 6
1 86
1 82
1 9
0 86
1 26
0 81
1 60
0 98
1 95
1 11
1 43
0 82
0 95
0 43
0 97
1 68
1 44
1 8
0 9
1 10
1 64
0 38
0 10
0 6
0 16
1 75
0 75
0 90
1 74
1 30
0 8
0 64
0 11
1 42
1 21
0 21
0 68
0 74
1 61
1 47
0 58
0 47
0 30
1 77
0 60
0 44
1 47
0 42
1 91
1 49
0 77
0 91
1 45
0 47
1 27
0 45
1 51
0 61
0 49
1 80
0 26
1 89
1 26
0 27
1 84
0 84
0 89
1 58
1 99
1 50
1 8
1 27
1 14
1 47
0 99
1 63
1 52
1 96
1 66
1 81
1 49
0 47
1 86
1 28
1 6
1 1
