1000
1 59
1 53
1 10
0 10
1 26
1 23
1 68
0 68
0 59
0 26
1 87
1 55
0 55
1 98
1 54
1 64
0 98
0 54
1 94
1 65
0 23
0 65
0 87
1 52
1 50
0 50
1 81
0 64
0 53
0 52
1 97
1 21
0 94
0 81
1 51
0 97
1 79
1 15
1 29
1 60
1 18
0 15
1 23
1 73
1 62
0 79
1 41
1 61
1 11
0 51
0 60
1 31
0 29
1 47
1 25
1 39
1 52
1 26
0 39
1 30
1 65
1 6
1 5
1 57
1 32
0 25
0 52
0 23
0 11
1 48
0 21
0 31
1 87
0 5
1 22
0 57
0 22
1 63
0 48
0 73
0 41
0 47
0 63
0 6
0 62
0 87
0 26
0 65
1 52
1 75
0 30
0 32
0 75
0 61
0 18
1 66
0 66
0 52
1 57
0 57
1 38
0 38
1 100
1 17
1 3
1 41
1 25
0 25
0 17
0 3
1 86
0 86
1 79
1 8
0 100
0 79
1 1
1 44
0 1
1 85
0 41
1 45
0 44
0 8
0 85
1 95
1 63
0 45
1 18
1 58
1 29
1 45
1 96
0 63
0 96
1 68
1 91
0 18
1 71
1 74
0 29
1 15
1 85
1 2
0 68
0 45
1 97
0 58
0 95
1 41
0 91
1 51
1 16
0 74
1 9
1 35
1 39
0 71
0 41
1 26
0 2
0 15
0 39
0 35
0 9
0 97
0 16
1 77
1 14
0 26
0 85
1 68
1 2
1 73
0 51
1 8
0 8
1 32
0 77
0 32
0 73
0 68
0 2
1 6
0 14
1 51
0 51
0 6
1 8
1 45
0 8
0 45
1 27
0 27
1 80
0 80
1 18
0 18
1 96
0 96
1 90
0 90
1 75
0 75
1 27
0 27
1 91
1 40
0 91
0 40
1 53
0 53
1 93
1 74
1 55
1 88
1 16
0 55
0 16
0 88
1 64
0 74
1 63
0 64
0 93
0 63
1 81
1 5
1 50
0 81
0 5
0 50
1 5
1 7
1 95
0 7
0 95
1 65
1 55
1 66
0 55
1 50
0 65
1 91
1 94
1 42
1 93
0 91
0 50
1 92
0 93
0 66
1 11
1 19
1 64
0 5
1 71
0 94
0 71
1 97
0 64
0 19
0 97
1 69
0 69
1 70
0 11
0 42
0 70
1 6
0 6
0 92
1 77
1 3
1 35
0 35
0 77
0 3
1 35
1 52
0 35
0 52
1 92
1 96
0 92
0 96
1 62
0 62
1 77
1 79
0 79
1 93
0 77
0 93
1 2
1 88
0 88
1 43
1 23
0 2
0 43
0 23
1 99
0 99
1 83
0 83
1 100
1 86
1 65
0 100
1 27
1 15
0 86
0 15
1 15
0 65
0 27
0 15
1 63
0 63
1 88
1 78
0 78
1 100
0 100
1 71
0 71
1 13
0 13
1 60
1 64
0 64
0 88
0 60
1 42
1 64
1 61
0 61
0 42
0 64
1 61
1 27
0 27
0 61
1 34
1 55
0 34
1 78
0 78
0 55
1 76
0 76
1 19
0 19
1 76
1 77
1 57
0 76
1 95
1 47
1 94
0 94
0 95
1 70
0 70
0 77
0 47
0 57
1 89
1 21
1 27
0 27
0 21
0 89
1 89
1 1
1 2
0 2
0 1
0 89
1 90
0 90
1 79
1 96
0 79
1 33
1 23
0 23
0 96
0 33
1 19
0 19
1 21
0 21
1 95
1 3
0 95
0 3
1 78
1 87
1 52
0 52
0 87
1 22
1 5
1 62
0 78
0 22
0 62
0 5
1 14
0 14
1 43
0 43
1 73
1 25
1 61
0 61
0 25
1 92
1 44
0 73
0 92
0 44
1 92
1 97
0 92
0 97
1 68
0 68
1 14
0 14
1 80
1 90
0 90
0 80
1 81
0 81
1 50
0 50
1 49
0 49
1 50
1 98
1 73
0 98
0 73
1 21
0 50
0 21
1 56
1 71
1 26
1 54
1 41
0 26
1 45
1 49
0 54
1 63
1 2
1 92
0 71
0 45
0 92
1 11
1 50
0 49
1 29
0 63
0 2
1 63
0 56
0 41
1 100
0 11
0 50
0 100
1 77
1 70
0 70
1 45
0 45
1 57
1 73
0 63
1 25
0 29
1 44
1 37
0 73
0 57
0 37
1 19
1 56
0 19
0 77
0 25
1 93
1 82
0 82
0 93
0 44
0 56
1 10
1 38
1 92
1 96
1 4
1 5
0 5
0 92
1 16
0 10
1 22
0 38
0 4
1 37
0 22
1 10
1 78
1 100
0 10
0 100
1 50
0 96
1 52
1 100
0 16
1 58
0 58
0 50
1 75
1 56
0 75
0 37
0 78
1 24
1 25
1 35
0 35
0 25
0 56
1 36
0 52
1 10
1 11
1 28
1 72
0 72
0 11
1 29
1 1
1 16
1 86
0 86
0 24
1 27
1 17
0 17
0 1
0 10
1 63
1 77
0 29
1 9
0 16
0 36
1 62
1 1
1 8
1 66
1 69
0 9
0 63
0 66
0 69
0 27
1 75
1 22
0 100
0 77
0 28
1 99
0 8
0 62
0 1
1 82
1 15
0 22
0 15
1 71
1 93
0 71
1 6
0 93
1 27
0 82
0 75
0 99
1 84
0 27
1 4
1 89
0 89
0 84
1 62
1 26
0 4
1 60
0 26
1 80
0 62
0 60
1 19
1 72
1 71
1 73
1 24
0 19
0 6
0 73
0 71
1 55
0 80
1 48
1 39
1 42
0 42
1 93
1 95
0 39
0 72
1 40
1 78
0 95
0 24
0 48
0 40
1 77
1 99
0 77
1 61
0 99
0 93
0 55
1 33
0 61
1 1
1 17
1 55
0 33
0 55
1 64
0 78
1 35
0 64
0 35
1 87
0 17
0 1
1 1
0 1
1 6
0 87
0 6
1 20
0 20
1 55
1 32
1 44
1 76
0 32
1 48
1 85
1 16
1 30
0 48
1 61
1 100
0 85
1 86
1 10
0 61
1 78
1 70
1 95
0 70
1 13
1 8
0 8
0 86
0 76
1 71
1 80
0 55
0 100
0 16
0 10
1 39
1 34
0 13
1 31
1 65
1 14
1 64
1 53
1 48
1 46
1 2
1 88
0 80
1 94
0 78
0 94
0 44
0 46
1 35
0 31
0 95
1 86
0 39
1 31
1 99
1 72
1 95
0 53
1 62
0 35
1 16
1 35
0 16
0 48
1 42
0 62
0 86
1 66
1 24
0 24
0 65
1 3
0 3
1 94
1 1
0 71
1 86
0 99
0 14
0 86
1 9
0 34
0 9
0 95
1 57
1 95
0 72
1 38
0 1
0 31
1 76
1 55
1 45
0 2
0 57
1 81
1 17
1 28
0 35
0 94
0 88
0 66
1 65
0 81
0 65
1 32
1 60
0 42
0 55
0 28
1 82
0 45
1 20
1 4
1 34
0 64
0 82
1 47
0 32
0 47
1 5
1 91
1 10
1 16
1 84
1 18
1 81
0 95
0 16
0 84
1 43
0 4
1 36
1 62
0 10
1 22
1 78
0 17
0 34
0 20
1 16
1 44
1 73
0 43
0 78
0 73
1 31
0 36
1 71
0 16
1 33
0 22
1 49
1 85
1 97
1 50
1 59
1 47
1 51
1 94
0 94
0 81
0 38
0 50
1 13
0 13
1 74
0 74
0 30
0 44
1 7
1 58
1 37
1 17
1 9
1 80
1 79
0 59
0 9
0 7
0 62
1 96
1 15
0 96
0 91
0 76
0 33
1 74
0 47
1 30
0 74
0 49
0 79
0 80
1 14
0 15
0 18
0 5
1 2
1 83
1 72
0 2
0 30
1 34
1 93
1 33
0 97
0 60
0 83
0 37
0 93
0 31
1 73
1 35
0 73
0 58
1 26
0 85
1 79
0 33
0 71
1 86
1 48
1 11
1 73
1 27
0 73
1 87
0 51
1 91
0 14
1 10
1 51
1 58
1 31
0 11
0 35
0 31
0 86
1 86
1 12
1 61
1 90
1 22
1 67
0 48
0 90
0 79
0 51
0 67
0 58
0 87
1 87
0 17
1 29
1 56
1 62
1 11
1 49
1 21
1 98
0 26
1 13
1 93
1 73
1 50
1 74
1 89
0 73
1 88
0 98
0 61
1 51
1 80
0 49
0 10
1 5
1 84
1 23
1 7
0 51
1 48
1 100
1 42
0 13
0 23
1 19
0 56
0 34
1 81
0 22
1 2
0 81
1 90
0 93
0 19
1 19
0 2
1 22
0 84
1 53
0 42
1 8
0 50
1 45
1 6
1 23
0 74
0 8
0 88
0 27
1 24
1 13
1 17
1 30
0 87
0 6
1 34
1 64
1 27
0 19
1 71
1 77
0 91
1 43
0 24
1 58
1 75
1 94
0 11
0 62
