1000
1 17
1 57
1 82
1 58
0 58
0 17
0 57
1 32
0 32
1 80
0 80
1 58
1 9
1 4
1 39
0 58
1 12
0 82
1 22
1 19
1 6
1 96
0 96
0 4
1 40
0 19
1 69
0 12
1 24
1 88
0 22
0 9
1 25
1 71
0 69
1 58
0 88
1 72
1 43
0 43
0 6
1 87
1 50
0 24
0 39
1 43
1 54
0 25
1 59
1 48
0 58
0 72
0 40
1 16
0 71
0 16
1 77
0 50
1 42
1 92
1 55
1 32
1 99
0 92
1 53
1 93
1 23
1 11
0 32
0 77
1 65
0 11
0 43
1 90
0 99
0 48
0 42
1 84
0 59
1 18
0 65
0 54
0 90
0 87
0 93
0 84
1 26
0 18
0 53
1 98
1 5
1 2
0 23
1 65
0 5
1 85
0 2
0 65
0 26
1 48
1 30
1 50
1 88
0 85
0 98
0 30
0 48
0 50
1 35
1 97
0 55
0 97
1 51
0 51
0 88
0 35
1 92
1 91
1 97
0 97
1 73
1 11
0 91
1 2
0 92
0 2
0 11
1 72
1 29
0 72
0 29
1 15
1 8
0 15
0 73
1 55
1 65
1 44
1 82
1 77
1 71
0 44
0 55
1 52
0 8
1 46
0 71
0 52
1 84
0 46
1 58
1 17
1 83
0 84
0 77
1 91
0 58
0 82
0 17
1 29
0 29
0 65
1 21
0 91
1 43
0 83
1 28
0 21
1 57
1 89
1 21
1 16
1 90
1 37
1 73
0 89
0 21
1 53
0 90
0 37
1 95
1 54
0 43
0 73
1 83
0 95
1 43
0 54
1 76
0 16
0 83
1 67
0 67
1 13
1 4
0 57
1 52
1 56
0 53
1 23
1 71
0 43
1 34
0 76
1 63
0 4
1 1
1 11
0 71
1 38
1 6
1 30
1 18
0 30
0 34
1 54
0 56
1 71
0 23
0 52
1 85
1 72
1 40
1 98
1 70
1 59
1 16
1 61
1 69
0 38
1 27
0 61
1 99
1 8
0 99
0 40
1 22
0 63
0 71
1 57
0 69
0 16
1 86
1 41
0 54
0 59
1 83
0 18
0 70
1 32
0 8
1 95
0 11
1 30
1 92
1 44
0 28
0 86
0 95
1 58
0 98
1 82
0 57
0 58
0 85
1 21
1 90
1 29
0 83
1 23
1 42
0 21
1 28
1 83
0 44
0 42
1 31
1 40
0 28
0 30
1 19
0 29
0 1
1 20
0 22
0 23
1 43
1 46
0 43
0 92
0 20
1 20
1 91
1 77
1 76
0 19
1 84
1 100
0 83
1 85
1 39
1 88
1 48
1 73
1 42
1 51
1 44
1 61
0 61
1 78
0 90
1 57
1 28
0 42
0 48
1 33
1 47
1 49
1 52
1 86
1 79
1 66
1 99
0 27
0 86
1 7
1 69
1 92
0 39
1 26
1 29
1 45
1 96
0 49
1 54
0 91
1 48
0 73
1 1
0 72
1 64
1 42
1 8
1 98
1 9
0 7
1 19
1 7
0 32
0 100
0 78
0 98
1 80
0 57
0 41
0 20
1 67
1 95
1 97
0 33
0 26
1 49
1 34
1 83
0 45
1 14
0 51
1 45
0 76
1 16
1 10
0 16
0 45
1 11
1 81
1 61
0 99
1 45
0 11
1 58
0 19
0 44
0 97
0 82
0 49
0 45
0 95
1 49
0 83
1 86
0 96
1 45
0 13
0 80
0 31
1 50
0 14
0 48
1 21
1 35
1 65
0 52
0 65
0 7
0 9
1 51
0 40
1 68
0 8
0 85
1 44
1 70
1 33
0 58
1 80
1 15
1 59
1 82
1 76
1 71
1 2
0 29
0 51
1 93
1 96
1 26
0 79
0 35
0 80
0 34
1 36
0 69
0 6
0 82
1 52
0 46
1 82
1 65
1 91
1 100
0 52
0 88
1 35
0 33
1 78
0 2
0 71
0 78
0 92
0 84
0 36
1 46
1 11
0 66
1 75
0 61
0 1
1 38
0 50
1 66
0 64
1 19
1 74
0 35
1 90
0 91
0 45
1 17
1 91
1 78
1 39
0 100
1 48
1 58
0 17
1 63
1 17
1 92
0 26
1 12
0 70
1 94
0 39
1 24
1 4
1 69
0 19
1 31
1 16
0 68
0 86
1 95
1 18
0 44
0 21
0 63
0 92
1 25
1 62
1 5
0 67
0 16
1 19
1 89
0 54
1 26
1 6
0 49
1 83
0 58
0 31
0 83
1 83
0 25
1 64
0 42
0 77
0 95
1 68
0 66
1 33
0 38
0 68
0 82
0 83
0 24
1 95
1 31
0 17
0 81
0 59
1 7
1 49
1 86
0 95
1 72
1 67
0 75
1 63
0 33
1 97
1 27
0 5
1 87
1 41
1 88
1 85
1 3
0 76
1 54
0 46
0 54
0 63
0 78
1 32
1 36
1 57
0 32
0 65
0 85
1 13
1 68
0 31
0 97
0 4
1 14
1 71
0 7
1 20
0 3
1 21
1 95
0 86
0 96
0 41
0 10
0 11
0 89
1 16
0 93
0 69
0 94
0 87
0 6
0 67
0 91
0 27
1 97
0 16
1 30
0 20
0 68
0 12
0 88
1 87
1 98
0 28
0 19
0 71
0 90
1 42
0 98
0 62
1 3
0 13
0 30
1 81
1 92
0 72
1 12
0 64
1 37
0 92
1 85
1 90
0 26
0 57
1 50
1 53
1 51
0 15
0 18
1 68
0 49
1 86
1 55
1 73
1 56
0 81
0 14
0 55
1 75
0 37
1 41
0 12
0 85
0 41
0 87
0 48
0 75
1 72
1 37
0 51
1 71
0 71
1 48
0 97
1 54
0 3
0 37
1 29
0 74
1 24
1 80
0 80
0 47
0 53
0 54
0 24
1 10
0 48
1 14
0 50
0 86
1 97
0 56
1 15
1 50
0 21
1 30
0 15
0 14
1 76
0 29
1 93
0 76
1 65
1 51
0 10
1 61
1 59
0 36
0 51
1 80
0 30
1 30
0 93
1 91
0 95
1 92
1 81
1 14
1 58
0 50
1 57
0 14
1 39
0 90
1 52
0 68
0 42
0 72
1 54
1 34
1 56
0 34
1 49
1 4
1 1
1 35
1 38
0 61
0 56
0 4
0 65
1 42
0 35
0 52
1 55
0 54
0 39
1 47
0 30
0 91
1 64
0 58
1 74
1 21
0 55
0 81
1 39
0 42
1 2
0 97
0 57
0 1
0 80
0 92
0 38
0 74
0 73
0 49
1 57
0 39
1 35
0 2
1 34
1 74
1 10
0 74
0 59
1 5
1 15
0 15
1 96
1 46
0 34
1 12
0 64
0 5
1 75
0 96
1 48
0 21
1 94
1 14
0 46
1 38
1 97
1 68
0 75
0 57
0 10
0 68
1 39
0 12
1 21
0 94
1 52
1 87
1 49
1 65
1 55
0 21
1 91
0 97
1 92
0 87
1 93
1 8
1 40
0 55
1 30
1 90
0 48
0 65
0 8
1 13
0 93
0 49
1 5
1 93
0 5
1 11
1 20
1 21
0 47
0 91
0 92
1 85
0 21
1 5
1 84
1 63
1 69
1 86
1 62
1 6
0 69
1 41
1 58
1 10
1 97
1 7
0 13
0 5
1 80
1 74
1 4
1 47
1 8
1 64
1 24
0 97
0 20
1 97
1 12
0 40
1 81
0 30
1 98
0 81
1 70
0 63
0 64
0 84
1 55
0 39
1 77
1 37
1 9
1 94
1 51
0 12
1 66
1 34
0 8
1 64
1 21
0 6
0 77
1 92
1 99
0 62
1 17
1 15
1 62
0 55
0 14
0 58
0 92
0 21
0 74
1 76
1 69
1 55
1 53
0 34
0 76
0 66
0 55
1 54
0 38
1 87
1 75
1 65
1 95
0 95
0 90
0 35
1 2
1 71
0 71
0 62
1 72
1 29
0 54
1 26
1 42
1 78
0 85
1 73
0 29
1 3
0 94
1 1
1 8
1 5
1 81
1 6
0 52
1 84
1 43
0 84
0 26
0 93
0 8
1 54
1 31
0 1
1 93
0 6
1 88
0 9
1 55
1 76
0 72
1 32
0 17
0 41
1 6
0 88
1 67
0 78
0 6
1 66
0 2
1 29
1 68
1 74
1 89
0 15
1 48
0 87
0 97
0 31
1 87
0 24
1 82
1 49
0 86
1 83
1 57
0 10
1 79
0 80
0 29
1 22
1 100
1 17
1 71
1 35
0 83
0 51
0 53
0 32
1 6
0 74
1 23
1 21
0 75
1 59
1 72
1 58
1 12
0 4
0 35
0 6
1 88
1 60
0 57
0 59
0 65
1 77
1 45
0 42
1 8
1 61
1 92
1 86
1 44
1 15
0 37
1 62
1 29
0 58
1 46
0 70
1 94
0 67
