1000
1 4
1 51
0 51
0 4
1 92
1 34
0 34
0 92
1 3
0 3
1 17
0 17
1 83
0 83
1 4
1 15
1 97
1 87
1 98
1 88
1 86
0 98
1 32
0 86
1 49
1 85
0 85
0 88
1 57
1 9
0 9
0 49
1 77
0 32
1 25
1 5
0 4
0 87
0 97
1 6
0 77
0 15
0 57
0 5
0 6
1 50
1 77
1 5
0 50
1 32
0 5
1 78
0 77
1 12
1 16
1 72
0 32
1 46
0 25
1 80
1 88
0 80
1 95
1 8
1 48
0 48
1 87
1 31
0 12
0 46
0 72
1 29
1 64
0 87
0 31
1 67
1 25
1 28
0 25
0 8
1 49
0 88
1 92
1 88
0 29
0 78
1 55
1 2
0 64
1 98
1 10
1 91
1 6
0 6
1 65
1 94
0 2
1 78
0 67
0 28
1 7
1 8
0 10
0 65
0 7
1 35
1 63
1 54
0 55
1 61
1 21
0 49
0 91
0 78
1 93
1 70
1 49
0 98
0 61
1 68
0 68
0 35
0 88
0 95
1 2
0 70
1 80
1 100
1 29
1 26
0 29
1 20
1 42
1 28
1 50
0 2
1 66
0 21
1 39
0 100
0 92
1 35
1 65
1 9
1 57
0 54
0 42
0 16
1 85
0 26
0 28
0 39
1 67
1 79
0 65
1 36
1 4
1 6
0 94
1 30
0 93
0 20
1 53
0 36
0 30
0 80
1 72
1 100
1 33
1 81
1 11
0 33
1 51
0 81
1 34
0 35
0 8
0 79
1 5
1 33
0 34
0 50
0 9
0 57
1 1
1 32
0 6
0 33
0 51
0 67
0 49
0 1
1 82
1 79
0 100
1 6
1 24
0 63
0 66
1 52
1 3
0 79
1 95
0 11
0 6
0 32
0 72
0 85
1 43
0 95
0 5
0 3
1 54
1 92
1 86
1 81
1 59
0 4
0 59
0 43
1 62
1 4
0 62
0 4
1 13
1 55
0 52
1 26
1 88
1 35
1 56
0 92
0 13
0 86
0 24
0 82
1 15
1 39
1 22
0 56
1 79
0 81
1 74
0 74
1 77
0 54
0 39
0 88
1 2
1 70
0 15
1 18
0 53
0 79
1 96
1 17
1 92
1 99
1 48
1 82
0 92
1 93
1 71
1 5
1 24
1 100
0 35
0 26
0 48
0 17
1 33
0 2
1 32
0 99
0 33
1 92
1 51
0 18
0 55
0 92
0 32
1 45
0 96
1 34
0 51
0 77
1 36
0 36
1 72
1 36
0 72
1 76
0 36
1 49
1 72
0 76
0 22
1 50
1 60
1 40
0 71
0 100
1 90
0 70
0 90
1 38
0 24
0 38
0 72
1 51
0 60
1 61
1 31
1 56
1 41
1 91
0 93
0 61
1 2
0 40
1 52
1 22
0 56
0 82
0 34
0 49
0 45
1 77
0 52
0 91
0 22
1 91
0 2
0 5
0 51
0 50
1 55
1 92
0 55
0 41
0 77
0 91
1 100
1 75
1 32
0 32
1 60
0 75
0 31
0 92
1 14
0 14
0 60
0 100
1 84
0 84
1 61
0 61
1 97
1 62
0 62
1 2
0 2
0 97
1 81
0 81
1 42
0 42
1 44
0 44
1 6
0 6
1 16
0 16
1 40
1 14
1 65
1 98
1 63
1 57
1 67
1 16
0 16
1 4
0 98
0 67
1 49
0 4
1 75
1 51
1 11
1 76
1 52
0 57
0 65
0 75
1 8
0 76
0 63
1 33
0 8
1 39
1 60
0 14
0 60
0 33
1 77
0 39
0 52
0 49
0 40
1 21
1 73
0 51
0 73
0 77
0 21
0 11
1 97
0 97
1 5
0 5
1 6
1 59
0 6
1 2
0 59
0 2
1 13
0 13
1 56
1 81
1 9
0 81
0 56
1 34
1 27
1 36
1 44
1 28
0 9
0 28
1 85
0 44
0 36
0 85
0 27
1 37
0 37
1 87
0 34
1 13
0 13
0 87
1 92
0 92
1 69
0 69
1 50
0 50
1 65
0 65
1 87
0 87
1 70
0 70
1 43
0 43
1 42
1 30
1 3
1 91
0 42
1 22
0 30
1 56
0 3
0 56
0 91
1 65
0 65
1 59
1 97
1 54
1 27
0 97
1 42
0 22
1 63
0 63
0 59
1 96
0 42
0 27
0 54
1 6
1 16
1 91
1 95
1 21
1 51
1 26
0 16
0 6
1 37
1 64
0 37
1 40
0 95
1 92
0 21
0 26
0 91
0 96
0 40
0 51
1 13
0 13
1 67
1 69
0 69
1 31
0 67
0 92
1 59
0 59
1 84
1 50
0 84
0 50
1 96
0 31
1 61
1 45
0 45
0 96
1 97
1 22
0 64
0 97
1 69
0 22
1 86
1 75
0 61
0 69
1 61
1 39
0 75
0 39
0 86
1 44
1 56
1 50
0 44
1 59
1 65
1 80
0 56
1 60
0 65
0 59
0 80
0 50
1 70
1 84
1 12
1 22
1 2
1 41
0 60
0 22
0 70
0 12
0 2
1 24
0 24
1 36
1 5
1 50
0 50
1 30
1 71
1 23
1 89
0 30
0 84
1 30
0 41
1 66
1 74
0 30
1 17
0 36
0 17
1 6
0 6
0 66
1 10
1 14
1 2
1 51
1 27
0 74
0 14
1 91
1 1
0 61
0 89
0 5
1 38
1 19
1 97
1 11
0 71
0 91
1 80
0 27
1 17
1 33
0 38
1 12
0 97
0 17
1 96
1 6
0 51
0 12
0 2
1 24
1 77
1 58
1 3
1 81
0 96
0 10
1 4
1 87
1 55
0 58
1 10
1 88
0 88
0 24
0 6
1 22
0 81
0 11
0 22
1 82
1 83
0 77
0 3
1 66
0 4
0 82
0 23
1 30
0 66
0 1
0 10
1 4
0 19
1 22
0 22
1 42
0 4
0 55
0 80
0 30
1 46
1 56
1 90
1 29
1 12
1 77
1 91
1 21
1 17
1 95
0 42
1 76
0 90
1 59
1 84
0 59
0 21
1 31
0 17
0 76
1 85
0 46
1 65
0 85
0 33
0 95
0 84
1 37
0 83
1 49
0 56
0 49
0 91
1 9
1 42
1 14
0 87
1 43
1 6
1 7
1 45
0 43
0 77
1 60
0 31
1 8
0 45
0 37
1 4
1 11
1 51
1 38
1 5
0 9
0 12
1 20
0 14
0 6
0 60
0 20
0 7
1 66
1 18
1 43
1 1
1 76
1 25
0 5
0 29
0 76
0 66
1 19
1 91
1 12
0 19
1 75
0 75
1 73
1 98
0 11
1 21
0 8
1 79
0 4
1 22
0 38
1 16
1 3
0 51
0 98
1 19
0 79
1 77
0 65
0 43
1 20
1 7
0 91
1 27
0 20
1 26
0 73
0 19
1 55
1 58
1 31
1 81
0 22
1 47
1 54
1 41
0 42
1 50
1 60
1 32
0 31
0 3
0 21
1 15
0 15
1 91
0 26
0 12
0 55
1 84
0 41
1 80
1 17
0 7
1 15
1 74
1 35
0 77
0 50
1 55
1 6
0 81
0 80
1 38
0 47
0 18
1 61
1 100
1 18
0 61
0 17
0 100
1 39
1 99
1 43
0 39
1 100
1 78
1 71
1 61
1 67
0 61
0 58
1 9
1 85
1 2
1 7
0 78
0 16
0 43
1 68
1 61
0 1
1 20
1 82
1 62
1 69
0 91
0 68
1 66
0 84
0 27
1 63
0 2
0 38
0 69
1 4
0 61
0 62
1 16
1 83
0 85
1 65
0 54
1 17
1 19
1 68
0 66
1 69
1 58
0 17
0 58
0 35
0 15
1 52
0 6
0 55
1 97
1 30
0 63
0 25
1 75
0 75
1 47
0 4
1 21
0 97
0 83
0 99
0 21
0 30
0 69
0 65
0 82
0 9
0 100
1 69
1 21
0 68
0 19
1 26
0 26
1 76
1 26
1 78
0 21
1 45
1 48
1 64
1 25
1 81
1 100
0 67
1 49
0 69
1 41
0 48
1 48
0 52
1 51
0 18
1 13
1 63
1 72
1 55
1 52
0 100
0 32
0 52
1 87
0 49
1 23
0 26
1 61
1 92
1 62
0 60
1 34
1 53
0 7
0 13
0 41
0 63
0 45
0 72
0 64
1 49
1 67
0 78
0 81
0 16
0 76
0 47
0 53
1 59
1 98
1 68
1 78
0 98
0 74
1 16
0 61
1 74
1 27
1 63
1 69
1 93
1 60
1 50
0 63
1 96
0 16
0 50
0 96
1 2
0 62
0 69
1 41
1 4
0 4
0 23
0 25
0 59
0 48
0 71
0 78
0 20
1 19
1 42
1 95
0 55
1 71
1 96
1 24
0 51
0 49
0 42
1 3
1 33
0 2
0 19
1 9
1 21
1 31
0 27
