1000
1 79
1 99
1 61
1 42
1 36
0 99
1 34
1 93
0 79
0 34
0 36
1 80
0 61
0 93
1 4
1 65
0 4
1 36
1 39
0 65
0 39
0 42
1 15
0 36
0 80
1 24
1 2
0 15
0 24
0 2
1 7
1 87
0 87
0 7
1 68
0 68
1 7
1 20
0 20
0 7
1 55
1 41
0 41
0 55
1 95
0 95
1 70
0 70
1 49
1 15
1 43
1 31
1 54
1 30
0 43
0 54
0 15
1 73
1 64
1 23
1 12
1 72
1 65
0 12
1 32
0 31
1 47
1 59
1 89
1 13
1 91
0 49
0 47
0 65
0 23
0 30
0 89
0 64
1 94
0 32
0 72
1 28
0 13
1 72
1 6
0 59
0 6
0 72
1 39
0 73
0 39
1 9
0 91
1 6
1 50
1 64
0 50
1 86
1 54
1 91
0 91
0 94
0 54
0 9
0 86
1 49
1 86
0 6
1 95
1 53
1 52
0 28
0 53
1 69
0 86
1 97
0 97
0 49
0 95
0 69
0 52
0 64
1 71
0 71
1 12
1 7
1 54
1 89
0 7
0 12
1 52
1 18
0 18
0 52
0 54
0 89
1 50
0 50
1 98
0 98
1 57
0 57
1 79
1 88
0 88
0 79
1 52
1 24
1 45
0 24
1 44
0 44
1 10
0 52
0 10
1 92
1 60
1 76
0 92
1 17
0 45
1 46
1 67
1 61
0 76
1 89
0 17
1 36
1 32
0 36
1 77
1 44
0 44
0 89
1 27
0 27
0 60
1 98
0 67
0 61
1 28
1 85
0 98
0 46
0 77
0 28
1 86
1 60
1 6
1 26
0 32
0 85
1 27
0 27
1 2
0 26
1 28
1 18
0 28
0 86
0 60
0 18
1 24
1 19
1 34
1 29
1 38
0 34
0 6
0 29
0 2
0 24
1 68
1 74
1 6
1 44
0 38
0 68
0 44
1 99
1 13
0 74
1 42
0 13
1 18
1 69
1 10
0 6
1 29
0 10
1 52
0 29
0 99
1 3
1 94
1 4
1 85
1 22
0 42
0 4
0 69
0 22
1 54
0 52
1 56
0 18
0 19
1 86
0 56
0 85
1 42
1 90
0 90
1 27
1 55
0 54
0 86
0 3
0 94
1 66
1 15
1 11
0 15
1 28
0 55
1 33
0 42
0 27
0 11
1 55
0 66
0 33
0 55
0 28
1 88
0 88
1 19
1 58
1 100
0 19
1 62
0 62
0 58
0 100
1 1
0 1
1 58
0 58
1 36
0 36
1 66
1 15
0 15
1 82
0 66
1 56
0 82
1 43
1 23
1 22
1 86
0 43
1 73
0 22
0 73
1 11
0 86
1 24
0 24
0 23
1 79
1 5
0 56
0 5
0 11
0 79
1 70
0 70
1 13
1 35
0 35
1 88
1 33
0 88
0 13
0 33
1 78
1 97
0 97
0 78
1 83
1 94
1 4
0 94
1 71
0 4
0 83
0 71
1 98
1 27
0 98
0 27
1 53
1 51
0 51
0 53
1 24
1 41
1 39
1 77
1 54
0 77
1 79
1 37
0 39
1 8
1 67
0 79
1 11
1 90
0 54
0 41
1 74
1 57
1 86
1 38
0 24
1 36
0 8
0 37
0 86
0 90
0 11
0 74
0 67
1 52
0 36
1 89
1 83
1 74
0 38
1 47
0 47
1 35
1 45
0 52
1 46
0 74
1 48
1 61
1 49
0 83
1 64
1 75
1 88
0 35
1 98
0 89
1 77
0 45
0 98
1 65
0 49
0 75
1 51
1 56
0 48
1 85
1 66
1 79
1 32
1 59
1 47
1 53
0 47
0 51
0 53
0 66
1 73
1 20
0 57
0 73
0 85
1 63
0 59
1 49
0 63
0 32
0 88
0 79
1 21
1 9
0 9
1 97
1 93
0 64
1 71
1 58
1 5
1 44
0 77
1 64
1 6
0 6
0 64
0 21
0 65
1 75
1 57
1 78
1 3
1 14
1 37
1 9
1 59
0 75
1 8
0 14
1 23
1 17
1 25
1 18
0 71
1 100
0 5
0 97
1 2
1 10
1 73
1 40
0 25
1 15
0 18
0 56
0 58
0 40
0 100
0 23
0 49
0 9
0 8
1 51
0 59
0 93
1 91
1 41
0 3
1 74
0 20
0 10
1 52
0 41
1 50
0 44
1 36
0 91
1 63
0 15
1 41
0 52
0 37
0 46
1 84
0 57
0 51
0 17
0 41
0 50
0 84
1 76
0 76
1 96
0 61
1 79
0 96
1 65
0 74
0 65
0 73
0 2
0 78
1 17
1 24
0 63
0 79
0 36
1 40
1 52
1 97
0 40
1 59
1 89
0 89
0 17
1 7
1 50
1 62
1 55
0 52
1 32
1 95
0 97
1 54
1 38
1 19
0 32
1 45
1 74
1 78
0 55
0 62
0 95
0 38
1 30
0 50
0 19
0 24
1 14
1 100
1 60
0 60
1 11
1 93
1 51
1 55
1 13
1 88
0 55
0 88
0 59
0 14
1 4
0 4
0 7
1 41
1 33
0 74
0 13
0 30
1 34
1 46
0 34
0 78
0 45
0 46
1 4
0 54
0 4
0 41
0 11
1 19
1 52
0 19
0 93
1 4
0 4
1 83
1 96
1 60
1 53
0 33
1 39
1 29
1 33
1 25
1 8
1 26
1 9
0 53
0 96
1 78
1 2
1 98
0 25
1 47
1 44
0 9
1 24
0 44
0 2
1 36
0 33
1 10
0 98
0 51
1 27
1 91
1 59
1 84
1 40
1 6
0 29
1 37
0 8
0 84
1 43
1 7
0 52
1 89
0 37
0 6
1 42
0 59
1 97
1 52
0 78
1 31
0 60
1 81
1 22
0 22
0 43
1 8
1 82
1 77
0 77
0 36
1 41
0 89
1 9
0 83
0 40
0 52
0 7
1 79
0 26
0 41
0 97
0 31
1 6
0 91
1 11
0 47
0 39
0 9
0 11
0 42
0 24
1 36
1 45
0 100
0 27
1 37
0 82
0 36
0 10
1 47
1 58
1 28
0 47
1 25
0 6
0 81
1 26
0 8
1 81
0 58
1 73
1 12
0 25
0 37
1 40
1 71
0 12
1 4
0 26
0 71
0 4
0 28
0 40
1 54
0 54
1 77
1 52
0 81
1 74
0 52
1 20
0 45
0 79
0 20
0 74
0 77
1 7
1 68
1 18
0 68
0 73
0 18
0 7
1 9
1 40
1 28
1 10
1 15
0 15
1 50
1 14
0 50
1 77
1 64
0 28
1 80
0 40
0 77
0 64
1 11
1 92
1 4
1 98
1 55
1 36
0 11
1 1
0 4
0 36
0 55
1 6
1 74
1 12
0 74
1 65
0 92
0 1
0 14
0 12
1 28
0 10
0 9
1 22
0 6
0 80
0 22
1 70
1 15
0 28
0 70
1 49
0 98
0 49
0 65
1 91
0 15
0 91
1 78
1 91
1 35
0 78
1 57
1 61
1 8
0 35
1 17
0 17
0 61
1 34
0 34
1 47
0 47
1 67
0 91
1 79
1 13
1 36
1 25
1 17
0 79
1 20
1 1
1 24
0 57
1 35
1 2
1 76
0 67
1 89
0 8
0 76
0 89
1 95
1 51
0 13
1 46
0 36
0 35
0 2
1 88
0 95
0 25
0 46
1 99
1 15
0 88
1 46
0 15
1 98
1 100
0 1
1 25
1 12
1 22
0 25
0 12
0 99
0 24
1 26
0 22
0 98
0 46
1 66
1 22
1 34
1 14
0 51
1 6
1 62
0 100
1 11
1 41
1 68
0 62
1 84
1 49
0 49
1 13
1 80
0 6
1 88
1 92
1 71
1 49
0 49
1 29
0 26
0 11
0 14
1 38
1 54
1 90
1 55
1 14
0 22
1 69
1 59
1 56
1 47
0 29
1 15
1 5
0 68
0 34
1 98
0 80
0 38
1 28
0 17
1 61
0 56
0 15
1 29
1 21
1 39
0 28
1 32
0 29
0 39
1 67
1 52
1 73
1 89
1 57
1 42
1 82
1 4
0 32
0 13
1 24
1 63
1 32
1 70
0 88
0 90
0 21
0 59
1 11
0 20
1 68
1 15
1 16
0 42
0 54
1 81
0 47
1 7
0 70
0 89
0 7
0 68
1 17
1 6
0 73
0 81
0 66
0 98
0 52
1 33
0 15
1 18
0 24
1 74
1 28
1 58
0 32
0 61
0 16
1 36
1 8
1 26
0 28
0 36
0 58
1 25
1 90
1 99
0 26
1 89
0 41
0 55
1 2
1 20
0 17
0 18
0 57
1 87
1 72
0 11
1 27
0 74
1 86
0 99
1 73
1 15
1 46
1 48
1 9
0 15
1 58
0 6
1 6
0 84
0 87
1 41
0 9
1 76
1 3
0 67
1 7
1 55
1 93
0 69
