1000
1 8
0 8
1 30
0 30
1 67
0 67
1 15
1 23
0 15
1 30
1 3
0 30
1 28
1 71
0 23
1 96
1 66
0 96
1 59
0 66
1 2
0 3
1 50
1 38
0 50
1 96
1 22
1 29
0 38
0 29
0 59
0 71
0 28
1 99
0 22
0 99
1 30
1 3
0 3
1 8
1 60
0 2
0 60
1 89
1 79
0 96
0 79
1 77
0 30
0 77
1 84
0 8
1 15
1 91
0 91
0 84
0 89
1 30
0 30
1 17
1 29
1 23
1 8
0 17
0 15
1 56
1 24
1 85
1 46
1 39
1 28
1 1
0 28
1 40
0 40
0 46
1 38
0 85
1 18
1 33
1 2
0 38
1 69
1 82
1 31
0 1
0 24
0 69
0 18
0 56
0 33
0 39
0 29
1 14
1 48
0 23
0 14
0 2
0 31
0 8
1 62
1 80
1 89
0 82
0 80
0 48
0 62
1 16
1 54
1 8
0 54
1 57
1 67
0 57
1 100
1 13
1 94
1 72
1 20
0 67
0 8
0 89
0 72
0 13
0 94
0 100
1 81
1 31
1 40
0 81
1 4
0 4
1 93
0 93
1 64
0 64
1 17
1 24
0 24
0 16
1 14
1 42
0 42
0 40
1 45
1 37
1 50
0 50
0 31
0 20
1 18
1 36
1 51
1 67
0 51
1 68
1 11
0 37
1 76
1 39
0 17
0 67
0 39
1 56
1 96
0 45
1 86
1 48
1 100
0 48
1 58
0 14
0 36
0 18
1 88
0 11
0 88
1 25
1 72
1 42
0 100
1 97
0 72
0 25
0 42
0 56
0 86
0 76
0 58
1 12
0 96
0 68
1 38
0 97
0 38
0 12
1 52
1 22
1 2
0 2
0 52
1 28
0 22
0 28
1 4
0 4
1 54
0 54
1 12
0 12
1 2
1 12
0 12
0 2
1 92
0 92
1 26
0 26
1 60
0 60
1 16
0 16
1 24
0 24
1 91
1 57
1 37
1 90
0 90
0 37
1 54
0 57
0 54
0 91
1 69
0 69
1 87
0 87
1 84
0 84
1 47
0 47
1 92
0 92
1 43
0 43
1 65
1 18
1 78
0 78
0 18
0 65
1 3
0 3
1 51
1 12
0 12
0 51
1 47
1 6
0 6
1 40
1 29
0 40
0 29
1 29
0 29
0 47
1 82
1 66
0 66
1 56
1 81
0 82
1 73
1 1
0 81
1 66
0 56
0 73
0 1
1 34
0 66
0 34
1 3
0 3
1 28
1 56
0 56
0 28
1 73
1 31
0 73
0 31
1 51
0 51
1 76
0 76
1 82
0 82
1 54
0 54
1 67
1 77
1 38
0 67
1 28
1 59
1 35
1 51
1 14
1 54
0 77
0 35
1 66
0 14
1 97
0 54
1 40
0 51
1 98
0 66
1 4
1 58
0 97
1 71
1 42
0 59
1 81
1 73
1 86
1 35
0 40
0 58
0 81
0 73
1 81
1 25
1 45
0 28
1 62
0 45
0 4
0 42
0 35
0 25
1 83
1 2
0 71
0 86
1 39
0 81
1 17
1 94
1 16
1 81
1 10
0 39
1 85
0 62
0 16
0 38
1 80
0 10
1 20
0 20
1 55
1 33
1 3
1 54
0 2
1 71
1 29
1 63
1 5
1 39
1 74
1 68
1 21
1 28
1 52
1 43
0 5
1 78
1 65
0 63
1 91
1 100
0 68
1 75
1 99
1 95
1 16
1 76
0 78
0 29
1 29
0 80
0 55
0 94
0 98
0 28
1 97
1 96
0 3
1 73
0 91
0 100
1 77
1 84
1 48
0 77
0 74
0 29
0 76
1 90
1 9
0 33
1 45
0 16
1 8
1 79
0 85
1 82
0 8
0 48
0 99
0 75
0 9
1 92
1 30
0 73
0 83
1 77
0 17
1 63
1 62
1 64
0 90
0 45
1 50
1 86
0 50
0 97
0 39
0 62
0 81
1 40
1 20
0 77
0 86
0 20
0 64
1 8
1 81
1 13
1 37
0 81
0 92
1 26
1 3
0 21
0 26
0 82
1 31
0 40
1 73
1 22
1 40
0 54
0 22
0 8
1 28
1 4
0 95
1 32
0 65
1 5
0 40
0 31
1 80
0 63
0 28
1 26
1 98
1 55
0 32
1 9
1 86
1 50
0 86
1 31
0 73
0 96
0 84
0 79
0 43
0 26
0 13
1 2
0 98
1 56
1 91
1 45
1 69
1 53
0 80
1 94
1 24
1 92
1 51
1 72
0 91
1 44
1 1
1 57
1 47
0 56
0 71
1 65
1 82
1 42
0 1
0 42
0 31
1 11
1 26
0 52
0 24
0 94
0 55
1 33
1 18
1 56
0 57
1 1
1 24
1 6
1 68
0 37
0 44
0 26
0 4
0 50
0 1
1 52
0 24
1 87
1 98
1 37
0 6
1 12
1 60
1 22
0 12
0 68
0 3
0 52
1 48
0 37
0 48
1 62
0 51
0 30
1 1
1 73
0 22
0 62
1 35
1 26
1 52
1 90
1 50
0 60
1 25
1 66
1 74
1 48
1 19
0 74
0 2
1 91
1 54
1 14
1 4
0 92
0 50
1 55
0 35
0 55
0 48
1 13
1 20
0 14
0 26
1 78
0 52
0 4
1 67
0 1
0 54
1 64
1 30
1 99
0 82
1 97
0 87
1 94
1 84
1 41
1 1
1 68
0 73
1 27
0 30
0 19
1 4
1 79
1 7
1 61
0 13
1 40
0 27
0 91
0 84
1 54
1 26
0 47
0 5
1 44
0 69
0 25
0 44
0 90
1 76
0 76
1 95
0 45
0 94
0 65
0 53
1 58
0 18
1 27
1 6
1 21
1 69
1 43
1 22
1 87
1 65
1 70
0 26
1 73
0 95
1 96
1 34
0 1
1 13
1 71
1 90
0 71
0 40
1 83
1 71
0 11
0 13
0 96
0 90
0 66
0 4
1 2
0 68
1 28
1 95
1 68
0 70
1 29
0 58
1 74
0 83
0 43
0 22
1 8
0 95
0 98
1 100
1 55
1 12
0 56
0 87
1 62
0 64
0 33
1 56
0 6
0 97
1 35
0 54
0 56
0 68
0 61
1 30
1 66
0 100
0 28
0 73
0 29
1 85
0 12
1 90
0 62
1 39
0 99
1 62
0 20
1 68
0 65
0 71
0 9
1 93
1 86
0 68
1 43
0 27
0 30
1 56
0 55
0 93
0 34
1 80
0 35
0 2
1 95
1 40
1 42
0 67
1 9
1 91
1 34
1 100
0 41
0 40
0 79
1 6
0 86
0 34
0 90
1 61
0 61
0 39
1 70
1 71
1 4
1 97
0 85
1 37
1 61
1 92
1 63
0 100
1 44
0 62
1 27
0 92
0 71
0 80
1 32
1 29
0 29
1 5
1 67
1 17
1 29
0 97
0 21
0 44
0 95
0 9
1 38
0 27
1 77
1 84
0 70
0 29
1 26
1 99
0 63
0 72
0 56
0 91
0 26
0 66
0 37
0 42
0 61
1 70
0 4
1 51
0 99
1 31
0 6
1 85
1 41
1 59
0 32
1 29
1 37
1 16
0 41
1 42
0 59
1 44
1 91
1 12
0 85
1 19
1 2
0 91
1 34
1 32
0 78
0 51
0 69
0 44
0 38
1 13
0 7
0 5
1 95
0 16
1 54
0 42
1 82
0 77
1 83
1 62
1 99
0 70
1 6
1 79
1 15
0 83
0 6
0 62
0 95
1 20
1 33
0 37
1 86
0 19
1 83
1 37
1 35
1 30
1 10
0 82
1 94
1 36
1 68
1 58
1 4
1 59
1 38
1 41
1 95
0 35
1 27
0 34
0 10
0 74
0 15
1 87
0 43
1 97
1 65
0 8
0 17
1 45
1 5
0 12
0 4
1 49
1 14
0 86
0 54
0 38
1 42
1 71
0 67
1 76
1 18
0 29
0 84
1 74
1 98
0 33
0 20
1 64
1 69
1 70
0 2
0 14
1 77
1 38
0 49
0 95
0 87
0 59
1 48
0 83
0 36
0 97
0 13
0 27
1 50
0 50
1 7
1 21
0 38
0 30
0 42
1 80
0 7
1 57
1 20
1 95
0 5
0 45
0 79
0 57
1 93
1 75
1 42
0 76
1 85
0 69
0 70
0 94
0 64
0 48
0 71
1 76
1 17
1 60
0 21
0 65
0 95
1 48
0 20
0 68
0 58
0 74
0 98
1 40
0 41
0 18
1 15
1 18
0 77
0 76
1 92
1 58
1 64
1 66
1 68
1 79
0 64
0 42
1 45
1 34
0 37
1 95
0 31
1 76
0 40
0 76
1 86
0 95
0 18
0 86
0 68
0 48
0 93
0 79
1 61
0 45
1 18
1 100
1 19
0 66
0 92
0 75
0 18
1 1
0 60
1 39
1 7
1 79
1 86
