1000
1 79
0 79
1 95
1 55
1 92
1 3
0 95
0 3
1 12
0 92
1 40
1 68
0 40
1 49
0 49
1 44
1 14
0 14
1 47
1 15
1 80
0 44
1 69
1 87
0 69
0 80
0 87
0 55
1 91
1 82
0 91
0 15
1 24
1 18
1 98
0 82
0 24
1 16
1 40
1 45
0 68
1 66
0 66
1 84
1 99
0 84
0 12
0 16
1 59
0 40
1 29
1 84
0 84
0 99
1 83
0 98
1 21
0 18
0 29
0 45
1 45
0 83
0 45
0 47
1 48
1 32
1 50
0 48
1 60
1 87
0 87
0 50
0 59
0 21
1 26
1 40
0 26
0 60
1 12
1 24
1 10
1 80
0 12
0 10
1 38
1 6
1 18
0 40
1 96
0 24
1 8
0 32
0 38
0 96
1 21
1 39
1 9
1 60
0 6
0 60
0 21
0 9
0 8
0 80
0 39
0 18
1 55
0 55
1 68
1 79
1 89
0 79
0 68
0 89
1 65
1 94
1 33
0 65
1 22
0 22
1 98
1 72
1 59
0 72
0 33
1 77
0 94
1 12
1 99
1 48
0 59
0 98
1 84
1 98
0 48
1 19
1 94
1 15
1 50
1 96
1 67
1 93
1 66
1 68
0 77
1 100
1 51
0 96
1 26
1 86
0 12
0 93
1 37
1 79
1 80
0 68
1 96
1 63
1 38
1 43
0 26
1 26
0 94
1 6
0 66
0 100
0 43
1 64
1 31
0 50
0 86
0 26
1 39
0 84
0 6
1 13
0 39
1 29
0 79
1 9
0 19
1 83
0 37
0 15
1 26
0 9
1 32
0 29
0 63
1 86
0 96
0 32
0 64
0 51
1 96
0 31
1 90
0 99
1 73
0 73
0 80
0 96
1 27
1 68
1 40
1 46
1 11
1 1
1 99
1 32
1 28
1 54
1 52
0 1
1 84
1 30
1 37
1 39
0 38
0 68
0 90
1 41
1 71
0 13
1 90
1 38
0 54
1 35
0 84
1 4
1 47
1 85
1 81
0 40
0 99
0 26
0 30
1 68
1 58
1 48
0 52
1 18
0 90
0 41
0 68
0 37
0 35
1 19
1 93
0 46
0 4
0 85
1 88
0 67
1 84
0 81
1 30
1 57
0 38
1 3
1 99
0 47
1 40
1 47
1 31
0 11
0 3
0 47
1 22
1 70
0 40
0 86
1 2
0 22
0 84
0 58
1 37
1 4
1 89
1 68
1 29
1 81
0 70
1 78
1 41
1 69
1 77
1 79
1 20
0 32
0 93
0 71
0 30
0 29
1 34
0 48
1 38
1 7
0 89
1 67
1 3
1 21
1 29
0 57
1 23
0 27
1 89
1 62
0 38
1 44
1 43
1 65
1 90
0 39
1 74
1 27
0 90
1 80
0 23
0 37
0 44
1 35
1 10
0 29
1 93
0 31
0 19
0 41
1 82
0 67
0 83
0 7
1 36
1 72
1 73
1 52
0 89
0 18
0 34
0 36
1 15
0 73
1 75
1 22
0 99
0 82
0 77
1 56
1 53
1 92
1 61
0 78
1 55
1 87
1 5
1 50
0 92
0 15
1 6
0 50
1 95
1 66
1 23
1 73
1 9
1 12
1 76
1 77
0 56
0 5
0 81
1 78
1 56
0 4
1 96
0 75
0 93
0 96
0 27
1 14
1 75
1 64
0 28
0 35
0 12
1 67
0 67
0 73
0 98
0 23
0 87
0 2
1 83
0 10
1 26
1 24
0 88
0 20
1 81
1 7
0 21
1 63
1 67
0 95
0 83
1 57
0 64
1 5
1 64
1 70
1 2
0 77
1 87
0 78
0 55
0 79
1 45
0 75
1 48
1 88
0 52
0 7
0 9
1 13
1 58
1 23
1 89
0 2
1 54
1 33
1 71
0 80
0 64
1 4
1 93
0 76
0 65
1 82
0 54
0 6
1 34
0 22
1 32
1 15
0 23
0 56
1 99
1 100
0 89
1 40
0 53
1 2
0 26
1 16
0 32
0 62
0 33
1 91
0 99
0 43
1 73
0 93
0 74
1 92
0 14
0 34
0 5
1 64
1 28
0 15
0 66
0 91
1 46
1 66
1 74
0 58
0 69
0 92
1 36
1 38
1 69
1 75
1 14
0 74
1 20
0 87
0 24
0 38
1 74
0 75
1 6
1 58
0 73
1 29
0 6
1 41
0 2
0 20
1 23
1 17
0 70
1 65
1 60
1 18
0 66
0 74
1 62
1 83
1 94
0 17
1 22
1 49
0 71
0 82
0 65
0 22
0 29
1 70
1 12
0 41
1 73
0 48
0 94
0 67
0 3
0 36
1 84
1 85
0 16
1 47
0 84
1 26
0 62
0 63
1 95
1 84
1 54
0 68
1 19
0 45
0 28
1 8
1 1
0 8
0 83
1 10
0 69
0 73
0 13
1 71
1 20
1 73
1 15
0 12
1 89
1 96
1 24
0 95
1 39
1 79
1 80
1 94
0 64
0 54
1 90
0 40
1 48
1 42
1 25
0 20
1 68
1 8
0 81
0 79
1 20
0 71
0 47
1 50
1 74
1 67
1 38
1 75
0 94
0 100
1 27
1 99
1 5
0 60
0 39
0 46
0 57
1 82
1 33
1 69
1 2
0 75
0 80
0 74
1 51
0 50
0 4
1 91
0 25
1 28
1 83
0 68
1 25
1 12
0 33
0 15
0 26
1 92
1 79
1 52
0 91
0 58
0 72
0 20
0 67
1 54
0 14
0 1
1 22
1 87
0 82
1 62
1 97
1 9
1 98
1 91
0 22
1 11
1 47
1 26
1 64
1 74
1 76
0 28
0 52
1 34
1 57
0 9
1 100
0 62
0 27
1 80
0 5
0 98
0 18
0 25
1 78
0 99
0 78
0 19
1 82
1 71
1 81
0 79
0 90
0 76
1 32
1 72
1 25
0 100
0 92
0 97
1 67
1 77
1 58
1 86
1 41
0 8
0 51
0 88
1 75
0 72
1 50
1 14
0 64
1 97
1 72
0 24
0 72
0 54
0 23
1 30
0 26
0 61
0 25
0 49
1 51
0 96
1 33
0 12
1 18
0 91
1 16
0 2
1 61
0 38
0 87
0 81
0 34
1 90
0 58
1 8
1 53
1 9
1 87
1 17
0 10
0 42
0 77
0 89
1 88
1 54
0 32
1 15
0 69
1 42
0 9
0 87
1 46
0 74
0 88
1 23
1 64
0 70
0 41
1 34
1 87
1 32
0 15
0 87
1 5
1 68
0 80
0 85
1 91
0 67
1 19
1 6
1 20
1 21
1 22
1 56
1 4
1 24
0 47
1 96
1 95
0 30
0 19
0 18
1 15
0 83
1 35
1 79
1 38
1 76
1 47
1 30
0 20
0 47
1 7
1 12
1 69
0 35
1 44
1 92
0 15
0 17
1 93
1 99
0 16
0 8
0 14
0 73
0 44
1 2
1 35
0 35
1 77
1 8
0 93
1 47
0 23
1 78
1 29
0 48
1 80
0 4
1 14
1 81
1 98
0 11
1 25
1 44
1 93
1 16
1 13
1 18
1 17
0 44
0 8
1 19
1 48
1 15
0 30
1 85
0 2
1 35
0 80
1 87
1 20
1 30
0 34
1 88
1 23
0 53
0 50
1 62
1 34
0 86
0 78
1 52
1 80
1 41
1 100
0 71
1 36
0 21
1 31
0 100
1 21
1 26
1 78
0 62
0 75
1 63
0 22
1 22
1 37
1 27
1 28
0 99
0 47
0 22
1 59
1 45
0 46
0 69
1 39
1 58
0 59
1 55
1 89
0 25
1 22
1 100
0 61
1 3
1 83
0 45
0 79
0 55
0 19
1 25
0 26
1 8
1 73
0 93
0 33
0 38
1 19
0 64
0 83
1 33
0 32
0 92
0 37
1 92
1 59
1 1
0 57
0 85
1 43
1 26
0 35
1 67
1 47
1 57
1 35
0 6
0 18
0 14
0 33
0 36
1 64
0 82
1 53
0 52
1 4
1 55
0 91
0 53
0 96
1 52
0 30
1 30
0 89
1 32
1 2
1 72
1 69
0 55
1 55
0 8
0 15
0 54
0 97
1 14
1 70
0 87
0 95
1 75
0 20
0 25
1 65
0 26
0 32
0 57
0 5
0 65
1 25
0 73
0 51
1 71
0 27
0 3
1 33
1 44
0 28
1 79
1 99
1 57
0 84
1 36
0 36
1 93
0 98
1 89
1 40
0 25
0 1
1 36
0 81
0 19
1 27
1 87
0 7
1 37
0 42
0 59
1 74
1 66
1 81
1 95
1 60
0 21
0 68
1 68
1 96
0 29
1 25
1 61
1 85
0 61
1 1
1 82
1 83
1 50
1 61
1 38
1 53
0 76
0 35
0 95
1 73
0 13
1 91
1 42
1 86
0 31
0 92
1 84
1 35
0 86
0 17
0 75
