1000
1 71
1 48
0 48
0 71
1 35
0 35
1 44
0 44
1 70
1 12
1 57
0 70
0 57
1 15
0 12
1 75
1 49
0 15
1 93
1 43
1 29
0 29
1 67
0 49
1 41
1 72
1 15
1 94
1 44
0 15
1 49
1 21
1 19
1 50
0 21
1 80
0 75
1 68
0 19
0 93
1 89
0 80
1 78
0 68
1 55
0 67
0 94
1 99
0 43
1 69
1 67
0 50
0 44
1 38
1 53
0 38
0 55
1 45
1 62
1 90
1 70
0 67
1 48
0 45
1 11
0 53
0 48
1 73
1 80
1 48
0 69
0 89
1 81
0 70
1 17
0 17
0 80
0 90
1 52
0 41
1 63
0 99
0 78
0 63
0 11
0 81
1 85
0 72
0 73
0 49
0 85
1 58
0 48
1 39
0 62
0 39
0 52
1 76
0 76
1 77
0 77
0 58
1 3
0 3
1 76
1 57
0 76
1 80
0 57
1 63
0 80
0 63
1 49
0 49
1 74
1 50
1 84
1 40
0 50
0 40
0 74
0 84
1 21
0 21
1 20
0 20
1 71
1 37
1 48
1 77
1 57
1 1
1 36
1 93
1 63
0 93
1 94
1 58
1 41
1 65
0 65
1 97
1 21
1 62
0 21
1 93
1 82
0 77
1 86
1 83
0 71
0 41
0 63
1 53
1 50
1 43
0 48
0 83
0 86
0 94
0 93
1 49
0 82
0 62
1 28
1 76
1 29
0 36
1 96
0 97
1 9
0 57
1 86
0 86
0 76
0 50
0 1
0 58
1 17
0 49
1 55
1 27
0 9
0 29
1 95
1 45
1 97
0 53
1 86
0 27
0 45
1 24
1 66
1 15
0 97
0 28
0 86
1 90
0 17
1 19
1 71
1 68
1 16
0 71
0 15
0 68
1 56
0 90
1 67
1 34
1 62
1 14
1 65
0 95
1 63
1 92
1 9
0 63
1 68
1 94
0 56
1 35
0 65
1 36
0 66
0 67
1 25
0 62
0 36
0 35
1 26
1 79
1 95
0 92
1 52
0 55
1 11
1 63
1 58
1 12
1 27
0 79
0 63
0 27
0 16
1 59
0 68
1 3
0 94
1 27
1 57
1 21
1 22
0 9
0 26
0 19
0 58
0 25
0 96
1 49
0 22
1 75
0 37
1 22
0 24
1 15
0 11
1 79
0 15
0 43
1 72
0 72
1 31
1 60
1 43
1 41
0 79
1 19
1 98
1 85
0 19
0 60
1 91
0 52
1 42
1 26
1 25
1 32
0 21
1 52
1 60
0 26
0 14
1 81
1 58
1 82
0 49
0 41
0 12
1 18
0 57
0 18
1 72
0 59
1 88
0 27
0 31
1 29
1 28
1 24
1 30
1 15
1 61
0 75
1 4
0 25
0 58
0 42
1 63
0 61
0 98
1 96
1 83
1 58
0 96
0 30
1 92
0 24
1 66
0 32
1 96
1 84
1 5
1 93
1 21
1 53
1 20
1 59
0 84
1 61
1 55
0 20
1 94
0 63
0 88
1 76
0 53
0 59
0 3
1 47
0 96
0 66
1 46
0 52
0 91
0 55
1 18
1 36
0 76
1 30
1 70
1 79
0 29
0 46
0 70
1 84
1 88
1 59
1 45
0 82
1 27
0 72
1 35
1 65
1 62
1 86
1 63
0 15
0 86
0 30
1 10
1 11
1 74
0 63
0 43
0 60
1 9
0 22
0 4
1 80
1 26
1 40
1 44
0 92
0 34
0 79
0 85
1 39
0 59
0 93
0 47
1 12
1 66
1 37
1 54
0 28
1 57
0 10
0 11
1 69
0 57
0 69
1 99
1 59
1 6
0 5
1 43
1 67
1 46
0 6
0 84
0 18
1 23
1 55
1 84
1 28
1 56
0 27
1 10
1 75
1 82
0 36
1 97
0 43
0 97
0 56
0 39
0 28
0 12
0 75
1 36
1 20
1 57
0 62
0 65
1 89
1 43
0 26
0 82
0 83
1 93
0 93
1 70
0 46
0 84
0 40
0 45
0 81
1 62
0 74
1 90
0 67
1 67
0 58
0 9
0 59
1 9
1 98
0 43
0 89
0 95
1 96
0 36
0 37
0 21
0 44
1 21
1 58
0 96
1 63
0 35
0 57
1 78
0 61
1 60
0 21
0 88
1 36
1 76
1 79
1 91
1 83
1 5
0 99
1 37
1 69
0 63
0 78
1 38
1 81
0 62
1 88
1 29
0 38
0 37
1 3
0 69
1 89
0 98
0 76
1 92
1 69
1 41
0 23
0 69
1 53
0 66
1 68
1 19
1 4
0 54
0 90
0 41
0 83
0 58
0 4
0 89
1 37
0 5
0 94
0 10
0 20
1 74
0 53
1 46
0 3
1 44
0 74
0 79
1 8
0 88
0 37
1 76
0 68
0 46
1 27
1 93
1 63
1 30
1 72
1 41
1 13
1 61
1 35
1 56
0 30
1 83
0 81
0 29
1 81
1 82
1 62
0 62
0 83
0 8
0 19
1 54
1 73
1 99
1 1
1 74
0 1
1 88
1 14
1 38
1 71
1 64
0 82
0 36
0 72
1 26
0 9
1 12
1 85
0 88
1 31
0 12
1 11
0 70
0 60
0 55
0 13
1 15
0 67
1 37
0 31
1 9
0 99
1 83
0 41
0 80
1 43
1 32
0 71
1 1
0 83
1 50
1 42
0 64
1 90
0 32
1 58
0 58
0 92
1 94
1 45
0 63
1 63
1 77
1 12
1 7
1 31
1 18
0 26
0 1
1 21
0 27
1 69
0 12
0 14
0 11
1 40
0 9
0 15
1 86
1 62
0 38
0 90
1 23
1 24
1 19
0 85
0 56
0 81
0 93
1 38
0 23
0 77
1 30
1 3
0 45
1 87
1 4
1 41
0 91
1 45
0 54
0 3
1 20
1 46
0 40
1 39
1 48
1 47
1 13
1 36
0 73
0 43
1 43
0 30
0 37
1 32
1 88
1 68
0 7
0 76
0 61
0 69
0 31
0 35
1 93
1 22
1 60
1 92
1 56
0 38
0 21
0 41
0 68
1 51
1 52
0 20
1 75
0 87
0 74
1 95
0 18
1 23
1 83
0 22
0 23
0 86
1 79
1 16
0 46
0 95
0 56
1 55
0 4
1 25
0 51
0 24
1 73
1 30
0 63
1 33
0 92
1 35
1 34
0 25
0 32
1 22
1 37
0 36
1 4
0 83
1 18
1 17
1 89
1 61
1 23
1 71
0 22
1 84
1 29
0 4
1 14
1 38
1 78
0 19
1 28
0 43
0 33
1 9
0 17
1 11
0 93
0 30
0 75
1 36
1 40
0 37
0 61
1 7
0 47
1 59
1 1
1 67
0 50
1 10
1 72
1 93
1 30
0 10
0 71
0 40
1 37
1 46
1 2
1 74
1 47
1 100
0 62
1 43
1 81
0 93
1 12
0 55
1 15
1 68
1 66
0 11
0 43
1 17
0 29
0 44
0 73
1 32
0 78
0 35
0 14
1 50
0 72
1 69
1 70
0 15
1 90
0 9
0 45
1 21
1 77
1 15
1 8
0 38
1 95
1 86
0 17
1 24
0 88
0 70
0 50
1 91
1 96
0 60
0 69
0 46
1 69
1 98
0 86
1 33
0 68
0 67
0 15
1 53
0 18
0 59
0 48
0 91
0 74
0 13
0 28
1 28
0 42
0 100
1 73
0 77
1 48
0 33
1 50
1 74
1 40
1 97
0 66
1 91
0 23
1 70
1 43
0 12
1 71
0 73
0 94
0 50
1 57
0 32
0 7
0 48
0 43
0 84
1 35
0 35
0 96
1 87
0 97
1 88
1 17
1 29
1 15
1 96
1 99
0 34
1 9
0 87
0 29
0 37
0 15
0 90
0 79
1 100
0 28
1 92
1 10
0 95
1 29
1 66
1 33
0 70
1 90
0 1
0 100
0 16
1 97
0 66
1 54
1 46
1 6
1 79
0 53
0 24
0 36
1 51
0 91
0 97
0 47
0 29
1 15
1 13
1 7
1 66
0 69
0 57
1 23
0 46
1 20
1 53
1 65
0 90
0 71
0 13
0 96
1 16
1 72
1 3
0 16
0 81
0 52
1 50
0 8
1 18
1 85
1 76
1 12
0 23
0 54
1 11
1 41
0 50
1 46
0 6
0 99
1 62
0 30
1 94
1 52
0 46
0 94
1 67
1 42
0 92
0 11
1 31
0 21
1 100
0 17
0 9
0 18
1 11
0 66
1 80
1 94
0 80
1 43
0 98
1 8
1 44
0 15
0 8
0 39
1 35
1 90
0 33
0 20
1 36
1 8
1 37
1 6
0 37
0 85
0 3
0 36
1 13
0 67
0 41
0 6
0 65
1 45
0 100
0 12
1 14
1 80
1 99
0 42
1 22
0 40
0 90
1 77
1 85
0 22
0 74
0 14
1 47
