1000
1 29
1 53
0 29
0 53
1 83
1 15
1 35
1 6
0 83
1 13
0 15
0 6
0 35
0 13
1 24
0 24
1 82
0 82
1 17
0 17
1 32
0 32
1 8
0 8
1 9
1 47
1 27
1 71
0 71
1 100
1 81
1 55
0 47
0 55
1 53
0 100
0 81
1 54
1 3
1 80
0 3
1 7
1 93
0 7
0 93
0 54
1 83
1 42
1 84
0 84
0 42
1 56
0 53
1 1
0 56
1 74
0 80
1 59
1 87
0 27
1 6
0 59
1 70
1 13
0 74
1 61
0 13
1 86
0 6
1 14
0 87
1 79
1 96
1 93
1 41
0 70
0 41
0 14
0 83
1 57
1 95
1 72
0 93
1 29
0 57
0 79
1 33
0 29
1 67
0 1
1 21
0 61
0 9
1 36
1 66
1 19
1 81
0 36
0 33
0 86
1 54
1 53
0 96
0 66
1 55
1 68
0 72
0 19
0 67
0 53
0 54
0 55
0 81
1 39
1 97
1 56
1 62
1 46
0 95
0 21
1 63
1 2
1 57
1 36
1 16
0 68
0 36
0 62
1 98
1 79
0 56
1 70
0 2
0 79
1 75
0 46
1 32
0 97
0 32
1 45
0 45
0 57
1 71
1 56
0 98
1 46
1 11
1 36
0 71
0 63
1 33
0 56
0 16
0 36
1 45
1 57
0 75
0 45
0 57
0 70
0 39
0 11
0 33
0 46
1 30
0 30
1 86
0 86
1 50
1 64
0 64
1 31
0 50
1 25
1 58
0 25
1 84
0 58
0 31
1 77
0 84
1 72
0 72
1 78
1 72
0 78
1 71
1 89
1 76
0 77
0 71
1 15
0 76
1 13
1 69
0 72
0 15
1 25
0 89
0 69
0 13
0 25
1 77
0 77
1 3
0 3
1 26
0 26
1 48
0 48
1 38
0 38
1 90
0 90
1 37
0 37
1 93
1 95
1 90
1 82
0 93
0 90
0 82
1 51
0 95
1 50
0 50
0 51
1 12
0 12
1 64
1 70
1 39
0 39
1 28
1 66
1 90
0 70
1 85
0 64
0 28
1 18
1 96
1 25
1 48
0 85
0 96
0 48
0 66
1 38
0 90
1 23
0 38
0 25
0 23
0 18
1 20
1 94
1 13
0 20
1 56
1 20
0 20
1 12
1 30
1 91
1 31
1 18
0 12
1 82
1 72
1 63
0 94
1 73
0 82
1 28
1 83
1 70
0 70
1 92
0 18
1 26
0 56
1 36
0 91
1 51
0 92
0 51
1 62
1 95
1 34
1 67
1 11
1 64
0 83
1 94
1 41
0 73
1 65
1 2
1 35
1 47
1 96
1 32
0 13
0 35
0 62
1 97
0 28
0 94
1 77
1 84
0 84
0 67
0 36
1 4
0 41
1 12
1 40
0 30
0 32
0 34
0 26
0 4
0 40
0 63
1 73
0 95
0 96
0 2
0 12
0 73
0 64
0 47
0 31
1 1
1 100
0 65
1 87
1 18
0 11
1 69
0 18
1 58
1 32
1 16
1 92
1 66
0 66
0 32
1 70
0 100
1 47
1 13
0 1
1 68
1 48
1 25
0 25
0 70
0 97
1 71
1 8
1 41
1 37
0 71
0 13
1 59
1 26
1 12
0 16
0 77
1 54
1 7
1 27
0 54
1 60
1 9
0 92
1 49
1 95
1 70
1 28
1 63
0 58
1 81
1 50
1 42
1 31
1 21
1 92
0 72
1 74
0 47
0 50
0 92
1 96
1 54
1 2
1 5
1 10
1 16
0 27
0 31
0 9
0 41
1 33
0 69
1 61
0 95
1 92
1 41
0 68
0 61
1 86
0 37
1 71
0 26
1 3
1 77
0 42
0 48
1 15
1 17
0 7
0 41
0 8
1 85
0 21
0 85
0 28
1 1
0 77
1 18
0 49
1 45
1 38
1 46
1 20
1 47
1 29
1 100
0 16
1 65
1 62
1 88
0 46
0 86
0 1
1 39
1 72
0 65
0 63
1 24
1 48
1 23
1 56
0 12
0 48
0 5
1 57
0 96
0 72
0 81
0 2
1 21
0 21
0 57
0 33
1 5
1 14
0 10
1 66
1 89
1 90
1 93
1 73
0 93
1 51
0 29
0 88
1 91
1 81
0 14
0 5
1 78
0 89
0 45
1 75
0 15
1 35
0 60
1 89
1 67
1 40
1 82
0 67
1 93
1 1
1 30
0 30
0 24
1 67
1 72
1 30
0 54
1 86
1 31
0 73
1 36
0 1
1 19
1 88
1 80
0 23
1 61
0 92
0 71
1 41
1 44
0 78
0 40
0 91
0 75
1 11
1 50
0 18
1 76
1 40
1 78
1 28
0 76
1 12
1 83
1 95
0 61
1 32
0 39
0 12
1 24
0 50
0 20
0 30
1 25
1 26
0 93
1 4
0 51
0 67
1 27
0 80
1 37
1 5
1 64
0 27
0 89
0 88
0 24
0 87
1 68
0 95
1 92
1 97
0 40
0 64
1 49
1 50
1 39
1 42
0 39
1 29
0 41
0 86
0 4
0 11
0 5
1 48
1 99
0 97
0 92
0 68
0 81
1 13
0 72
0 17
0 37
1 17
1 1
1 33
1 21
0 90
1 71
1 40
0 47
1 60
0 42
1 75
1 51
0 40
1 85
0 82
0 1
0 31
0 56
1 39
0 60
0 48
0 38
1 96
0 28
0 100
0 50
1 37
1 67
0 96
1 56
1 27
1 4
1 55
0 35
0 51
0 33
1 28
1 76
1 51
1 18
1 91
1 89
0 76
0 49
1 30
1 92
1 11
0 85
1 20
0 11
0 62
1 41
1 79
1 96
0 21
0 71
1 38
1 54
0 3
1 57
1 2
1 21
1 97
0 99
0 56
1 34
0 18
0 34
1 24
0 79
1 18
1 76
0 19
0 36
0 25
0 91
0 83
0 13
0 38
1 99
0 44
0 29
0 41
1 98
1 1
0 99
0 2
1 90
1 61
0 96
1 52
1 48
1 85
1 77
0 37
1 72
1 8
1 53
1 10
0 90
1 73
1 23
0 51
0 55
0 85
0 26
0 67
1 31
1 93
0 30
0 66
1 79
1 33
1 87
0 48
0 87
0 24
0 52
0 89
1 66
1 26
1 29
0 70
0 66
0 27
1 95
1 41
1 56
1 7
0 23
0 31
1 60
0 26
1 43
0 74
0 10
1 48
1 9
1 50
0 48
0 4
0 39
0 60
1 47
0 72
1 80
1 72
1 11
0 1
0 29
1 83
1 44
0 17
0 72
0 32
1 45
0 93
0 7
1 93
1 37
0 57
0 45
1 40
0 97
1 17
1 74
1 6
1 86
0 9
0 54
0 33
0 47
0 75
1 94
1 31
1 42
1 23
1 24
0 43
1 87
0 76
0 37
0 28
1 55
0 8
1 81
0 79
0 87
1 54
0 42
1 5
0 5
0 98
1 75
0 73
0 74
0 93
1 49
0 83
1 67
0 67
0 18
1 18
1 71
0 55
0 44
0 95
0 94
1 22
1 84
0 54
1 25
1 26
1 54
1 27
1 69
0 80
1 39
1 74
1 94
1 14
0 6
1 32
0 31
0 56
1 28
0 75
0 92
0 59
0 20
0 27
1 19
1 56
0 25
0 17
0 19
0 53
0 50
1 42
0 81
0 26
1 88
0 94
1 25
1 29
1 90
0 14
0 54
0 49
0 22
1 70
1 93
0 84
0 86
0 78
0 70
0 69
0 24
0 23
1 85
0 29
1 14
0 85
1 52
0 25
0 21
0 56
0 28
0 42
1 27
1 86
1 82
0 14
1 64
1 46
1 55
1 9
0 64
0 88
0 82
0 27
1 7
0 55
1 14
0 74
0 41
1 23
1 53
0 9
1 17
1 94
0 94
0 17
0 46
1 91
1 19
1 47
0 47
0 23
1 1
1 73
0 11
1 15
1 50
1 9
1 56
0 73
1 49
0 14
0 90
0 40
1 81
1 88
1 25
0 7
0 18
1 51
0 52
0 86
1 64
0 88
1 59
1 78
1 10
0 25
0 71
1 96
1 13
0 1
1 62
0 50
1 86
0 81
1 2
0 78
1 20
1 34
0 61
1 40
0 34
1 100
0 10
0 91
0 96
1 54
0 13
0 54
1 13
1 71
0 2
0 93
1 61
0 71
1 68
0 64
1 73
1 28
0 49
1 91
1 21
1 41
0 39
0 59
1 33
0 73
1 96
0 91
1 71
0 41
0 86
1 57
1 44
0 77
0 20
1 29
0 56
1 95
1 45
1 46
0 95
1 17
1 83
1 26
1 73
0 61
0 51
1 89
1 78
1 76
1 54
0 29
1 27
1 98
1 42
1 99
0 99
0 96
0 68
0 73
1 87
0 87
0 57
1 34
1 85
0 26
0 46
0 100
0 78
1 63
1 49
0 54
1 52
1 2
0 19
