1000
1 97
1 7
0 7
1 75
1 91
0 97
0 91
1 81
0 81
0 75
1 70
0 70
1 82
0 82
1 8
1 92
0 8
0 92
1 28
1 54
1 35
1 23
1 92
0 35
0 92
1 31
1 20
0 54
1 58
1 70
0 23
0 70
0 20
1 78
1 55
1 41
0 28
0 78
1 2
1 73
0 41
0 55
1 41
0 2
1 44
1 5
1 25
1 40
1 43
1 11
1 46
1 45
1 6
0 41
1 41
0 46
1 81
1 94
1 3
1 37
1 27
1 95
0 40
0 31
1 47
1 1
0 6
1 28
1 20
1 32
1 91
0 1
1 96
1 59
1 16
0 95
0 11
0 59
1 56
1 22
0 47
1 59
1 26
0 59
1 93
1 80
1 6
1 59
1 57
0 44
1 30
1 83
1 71
0 41
0 83
1 36
0 3
1 97
1 82
0 37
0 82
0 91
0 20
1 62
0 27
0 59
0 71
1 23
1 78
0 94
1 2
1 27
0 6
0 56
0 36
0 26
0 58
1 91
0 30
0 93
1 29
1 71
0 80
0 57
1 80
1 44
1 74
1 64
0 43
1 13
1 43
1 49
1 50
0 73
0 29
0 27
1 33
1 36
0 22
0 62
1 79
1 26
1 7
0 80
0 16
0 36
0 96
1 75
0 33
0 79
0 43
1 57
0 2
0 23
0 7
0 13
0 26
1 72
1 17
0 78
1 51
0 75
1 93
0 51
1 80
0 17
1 92
0 92
1 90
0 90
0 93
0 45
1 29
1 21
1 47
1 10
1 23
0 21
1 84
1 17
1 1
1 16
0 23
1 66
0 50
1 94
1 82
0 66
1 48
0 64
0 80
0 1
0 82
1 13
0 91
1 91
1 95
0 81
1 82
0 32
0 95
0 48
1 24
1 36
1 83
0 28
1 50
1 21
1 18
1 96
0 47
1 26
0 16
1 14
0 91
0 49
1 9
1 93
1 66
0 36
1 85
0 66
1 98
0 21
0 18
0 26
0 71
0 74
0 84
1 36
1 67
1 18
0 85
1 19
0 9
0 72
0 93
1 89
1 70
0 57
1 3
0 18
1 99
0 44
0 67
1 40
0 89
0 17
1 95
0 13
0 98
1 90
1 55
1 59
0 90
1 16
1 98
1 8
0 16
0 96
0 8
1 58
1 54
0 54
1 92
1 49
1 6
0 92
0 29
1 78
1 37
1 100
1 2
0 14
1 71
1 26
0 99
0 19
0 58
0 10
0 82
0 2
1 28
1 56
0 3
0 83
0 55
0 59
0 5
0 100
1 67
0 37
0 25
1 48
1 30
1 12
1 21
0 36
1 65
0 65
1 31
0 50
0 24
1 85
1 50
1 25
0 94
1 39
1 27
0 6
1 55
1 51
1 17
1 13
1 79
0 12
0 98
1 16
1 10
0 31
1 37
1 47
1 88
0 50
1 90
1 69
0 25
0 56
0 71
1 11
1 12
1 82
0 51
0 82
0 67
0 48
1 67
1 68
0 30
1 80
1 8
1 1
0 55
0 10
1 83
1 92
0 40
1 81
0 85
0 81
1 71
0 80
1 89
0 95
1 48
1 32
0 97
1 50
0 88
1 95
1 84
0 12
1 54
1 61
1 63
0 54
0 26
0 68
1 96
0 1
0 16
1 51
0 67
1 64
1 29
0 47
0 39
0 17
1 38
1 81
0 79
0 61
1 30
0 48
0 27
0 95
0 64
1 12
1 72
1 93
1 88
1 73
0 96
1 23
1 16
1 25
0 84
1 56
0 21
0 30
0 11
1 79
0 56
1 52
0 70
0 73
1 26
1 41
0 69
0 38
1 53
1 9
1 27
0 78
1 99
1 24
1 31
0 41
1 76
1 100
0 23
0 31
1 17
1 65
1 84
1 59
1 11
1 77
1 94
1 30
0 93
0 99
0 51
1 54
1 98
0 26
0 84
0 53
1 33
1 86
1 91
1 48
1 78
0 94
0 76
0 24
1 31
0 8
0 71
1 34
0 27
0 50
0 25
1 38
1 66
0 48
1 42
1 67
0 38
0 81
1 20
1 15
1 84
0 65
1 93
0 16
0 11
0 72
1 38
1 3
0 79
0 59
0 37
0 54
1 82
1 40
1 87
1 85
1 8
0 13
1 75
0 91
1 46
0 77
0 28
1 47
1 45
0 46
0 92
1 71
1 91
0 84
1 6
1 1
0 98
0 83
1 68
0 29
1 35
0 66
1 28
1 41
0 12
0 71
0 88
0 93
1 79
1 11
1 99
1 88
1 36
1 61
1 51
1 18
1 19
1 16
0 35
1 97
0 40
0 85
1 53
0 87
0 34
0 45
0 61
1 65
0 33
0 90
0 52
1 7
1 2
1 93
0 16
0 17
1 27
0 75
0 49
0 27
0 68
1 75
0 47
1 29
1 54
0 53
0 29
1 62
0 31
0 9
1 13
0 6
0 20
0 67
1 98
0 79
0 75
0 82
0 78
0 98
0 93
1 66
0 28
1 50
0 100
0 2
1 74
1 34
0 88
0 36
0 74
0 41
1 67
0 63
0 8
0 15
1 43
1 16
1 55
0 55
0 19
1 68
1 35
1 4
0 42
1 36
0 36
0 38
0 13
1 46
1 69
1 52
0 7
0 11
0 50
0 97
1 90
0 52
0 1
0 99
1 72
0 51
0 34
0 3
1 51
0 90
0 62
0 32
1 44
0 68
0 35
0 66
1 61
1 94
1 79
1 9
0 30
1 47
0 51
0 16
1 77
1 30
1 95
1 88
0 89
0 86
1 63
0 91
0 69
0 43
1 87
0 44
0 30
0 77
1 58
0 47
1 89
1 93
0 79
1 42
1 22
1 25
0 22
0 63
1 26
0 67
1 73
0 18
0 42
0 58
0 72
0 4
0 95
0 89
0 9
0 94
1 94
1 24
0 26
1 49
0 24
1 80
0 88
0 87
0 61
0 73
1 47
1 68
1 55
0 65
1 52
1 58
0 93
0 68
0 52
1 81
1 82
0 94
0 47
1 100
1 71
0 71
1 26
1 47
1 45
1 69
1 75
0 55
1 35
1 90
1 1
1 14
1 94
1 57
0 80
1 43
0 1
0 49
0 90
1 97
1 95
1 8
0 35
0 43
1 9
1 64
0 81
0 64
0 25
1 71
1 77
0 46
1 88
0 14
1 52
0 58
1 70
1 29
1 37
0 57
1 19
1 53
0 8
1 91
0 37
0 54
1 28
1 56
0 28
0 53
1 49
1 30
0 29
1 50
0 94
0 91
1 3
1 6
1 16
0 82
1 17
0 100
0 69
1 60
0 16
0 6
1 89
1 20
0 9
0 49
1 25
0 60
0 70
0 25
0 88
1 9
0 89
0 56
0 95
1 67
0 3
0 52
0 67
1 11
0 77
1 98
0 50
1 46
0 30
0 47
1 18
1 42
0 9
1 84
0 75
1 9
0 11
0 97
1 76
0 45
0 76
0 98
0 19
0 71
0 84
0 18
1 52
1 38
1 87
1 22
1 44
0 20
1 96
0 96
1 41
1 43
1 36
1 1
0 52
0 38
1 66
1 5
0 41
0 17
0 87
0 43
0 36
1 47
1 67
0 67
1 11
0 1
0 47
1 68
0 46
1 59
1 37
1 27
0 27
0 26
0 9
1 13
0 37
0 68
0 22
1 43
1 98
0 44
1 20
0 11
0 59
1 34
1 35
0 35
0 66
1 67
0 67
0 5
1 55
0 98
1 4
1 82
0 20
0 82
1 84
0 13
0 4
1 36
1 64
0 84
1 68
1 33
1 76
1 40
1 90
1 27
1 59
0 64
0 55
0 59
1 60
1 50
1 94
1 67
0 94
1 75
0 36
0 33
0 60
0 68
0 43
0 90
0 40
0 34
0 50
0 27
1 60
0 76
1 77
0 60
0 42
0 77
1 99
1 10
0 67
0 75
1 73
1 30
1 66
1 93
0 30
0 93
0 66
0 10
1 36
0 73
0 99
1 26
1 48
0 26
0 36
1 98
1 88
1 10
1 66
0 66
1 73
1 82
0 73
1 92
0 10
0 48
0 92
1 83
0 82
1 99
1 63
0 63
1 59
0 83
0 88
1 70
0 70
0 99
0 59
0 98
1 98
0 98
1 58
1 15
1 44
0 15
0 58
1 25
0 25
1 100
1 55
0 44
1 14
1 61
0 14
1 39
1 37
1 36
1 96
0 39
0 100
0 55
0 96
1 19
0 61
1 86
0 37
1 23
1 13
1 22
1 96
0 96
1 97
1 88
0 23
0 13
1 72
0 36
1 13
1 54
0 19
1 77
1 56
0 88
0 77
0 72
0 86
1 85
1 14
0 54
1 47
1 71
1 30
1 20
1 31
0 22
1 11
0 56
0 30
0 20
1 17
0 14
0 97
1 51
0 13
0 47
0 51
1 60
0 11
1 67
0 31
1 49
1 53
1 37
0 37
1 63
