1000
1 19
0 19
1 97
0 97
1 90
1 64
0 64
1 23
1 9
1 95
0 90
1 35
1 18
1 36
1 21
1 22
0 22
0 35
0 23
1 78
0 9
0 36
1 31
1 69
1 47
0 78
1 15
0 18
1 90
1 53
0 21
1 39
0 39
0 15
0 47
1 34
0 69
0 90
1 68
1 43
0 31
0 43
0 95
1 23
0 53
0 34
0 23
0 68
1 21
0 21
1 10
1 19
0 10
1 62
1 39
0 39
0 19
0 62
1 73
1 27
1 54
0 54
1 5
1 99
1 98
0 73
0 99
0 5
0 27
1 15
1 90
1 32
0 15
1 17
1 87
0 90
0 32
0 98
1 95
1 34
1 45
1 88
1 14
0 95
0 17
1 5
1 13
0 14
1 76
1 98
1 79
1 28
0 88
1 42
0 98
0 76
1 62
1 60
1 61
1 99
0 79
1 41
0 62
1 98
0 34
0 61
1 21
0 98
0 45
1 91
0 91
1 8
1 94
1 54
1 82
1 25
1 27
0 27
1 40
0 13
0 25
0 54
0 82
1 26
1 1
1 43
1 88
0 87
1 64
0 99
1 15
1 49
0 21
1 95
0 95
0 64
0 28
1 98
1 20
1 24
0 26
1 25
1 77
1 16
0 40
0 24
1 33
0 16
1 34
0 33
1 50
0 1
0 60
0 49
0 5
0 41
0 43
1 55
0 77
1 24
1 26
1 60
1 83
0 83
0 88
0 94
0 25
0 50
0 8
1 66
1 9
0 60
0 42
1 93
0 9
1 29
1 73
1 67
0 20
1 86
0 67
1 10
1 9
0 24
1 71
0 9
1 16
0 93
0 73
1 25
1 87
0 66
0 87
0 16
0 15
0 55
1 57
0 57
0 98
0 71
0 25
0 26
0 29
1 16
0 86
0 10
0 34
0 16
1 45
1 75
1 93
1 23
0 93
0 45
1 72
0 23
1 56
0 75
0 72
1 4
1 27
0 27
0 4
1 76
0 56
0 76
1 34
0 34
1 66
1 71
1 53
0 71
0 53
0 66
1 97
1 44
0 44
0 97
1 85
0 85
1 29
0 29
1 10
0 10
1 13
0 13
1 17
0 17
1 37
0 37
1 89
0 89
1 32
0 32
1 59
0 59
1 41
0 41
1 79
1 39
1 33
0 33
0 79
1 55
0 39
0 55
1 34
0 34
1 79
0 79
1 62
1 65
0 62
1 29
1 35
0 35
0 29
1 91
1 81
1 1
0 81
0 65
0 1
1 16
0 16
0 91
1 24
1 26
1 8
1 15
1 28
0 8
0 24
0 28
1 78
1 48
1 44
0 44
1 46
1 65
1 54
1 97
0 65
1 52
1 70
0 97
0 46
1 89
0 26
1 14
1 87
1 16
1 49
0 49
1 37
0 70
0 89
0 14
0 78
0 37
1 7
1 41
0 54
1 55
1 17
1 5
1 47
0 41
1 88
1 77
0 17
1 78
1 8
0 8
1 89
1 21
1 50
0 89
0 15
0 5
1 74
1 3
0 77
1 46
1 66
1 13
1 29
0 13
1 65
0 52
0 55
1 69
0 88
1 49
1 57
0 21
0 47
1 42
1 63
1 10
0 48
1 28
0 66
1 79
1 17
0 28
1 19
0 19
1 52
0 69
0 42
1 66
0 49
1 75
1 59
1 67
0 3
1 82
1 30
0 52
0 7
0 57
0 79
1 44
0 50
1 23
0 63
1 5
0 82
0 29
1 47
0 67
1 34
1 37
0 46
0 47
1 18
1 98
1 6
1 31
0 98
1 95
0 37
1 86
0 66
0 65
0 44
0 87
0 5
1 52
1 1
0 75
0 74
1 33
0 59
1 28
0 31
1 54
1 45
1 92
0 23
0 33
1 56
0 95
1 57
1 72
0 92
0 72
1 89
1 35
0 17
0 30
0 78
1 9
1 12
0 54
0 6
0 9
0 86
1 95
1 100
1 53
1 72
1 11
0 1
1 41
0 35
0 18
0 100
0 56
0 16
1 2
0 72
0 57
0 10
0 34
0 12
1 75
1 29
1 31
0 95
1 99
0 75
0 31
1 31
1 39
0 41
0 52
1 60
0 31
0 45
0 29
0 60
1 78
1 66
1 63
1 23
0 78
1 82
1 90
0 90
1 88
0 99
1 92
0 82
0 2
1 14
1 87
1 70
0 23
0 39
0 89
1 61
1 84
0 70
1 54
0 87
0 14
1 59
1 75
0 53
0 84
1 80
1 71
0 80
1 34
1 53
0 59
0 54
0 71
0 92
0 66
0 88
1 39
0 11
1 42
0 34
0 28
1 49
0 63
0 39
0 53
1 36
0 61
1 54
0 36
0 49
0 54
0 42
1 4
0 75
0 4
1 4
0 4
1 2
1 4
0 2
1 25
1 13
0 13
0 4
1 10
0 10
0 25
1 73
1 18
0 73
1 33
1 78
1 79
0 78
0 79
1 20
1 97
1 38
0 20
1 55
1 50
0 97
1 83
1 42
0 42
1 100
1 84
0 18
0 83
0 38
0 55
1 94
1 30
1 48
1 49
0 50
1 53
1 89
0 53
1 37
0 30
0 84
1 23
0 23
0 100
1 76
0 48
0 49
0 89
0 94
1 36
1 80
1 31
0 80
1 25
0 36
0 76
0 37
1 5
1 4
1 24
0 33
1 100
0 5
1 7
1 6
1 53
1 67
1 19
1 72
0 72
1 64
1 71
1 32
0 53
1 49
0 32
0 4
0 25
0 100
1 13
1 80
0 24
0 13
0 49
1 9
1 30
0 9
0 64
0 6
0 31
1 54
0 80
1 49
1 25
1 50
1 85
0 85
1 93
0 54
1 88
0 71
1 3
1 53
0 93
0 53
0 67
0 50
1 67
0 49
1 66
0 3
0 66
1 58
0 58
0 19
1 58
1 78
1 93
1 43
1 56
1 63
0 67
1 46
0 93
0 46
0 7
0 58
1 8
0 78
1 72
0 30
1 27
0 56
1 53
0 53
0 63
1 55
1 2
0 43
1 14
1 67
1 69
0 27
0 8
1 1
1 48
1 37
0 67
1 6
0 88
0 55
1 55
1 28
0 1
0 37
0 14
1 84
0 25
0 28
1 70
0 70
1 81
1 49
0 72
1 20
1 37
1 35
1 89
1 97
1 3
1 94
0 2
0 84
0 49
1 26
0 35
1 54
0 26
0 81
0 69
0 54
0 3
1 87
1 33
1 39
0 48
1 100
1 17
1 80
0 33
1 88
1 90
1 93
0 17
0 90
0 94
1 47
1 1
1 40
0 1
1 24
1 83
0 39
1 94
0 20
0 87
1 95
0 83
1 49
1 30
1 79
0 37
1 92
1 50
0 97
1 63
0 6
1 81
0 93
1 90
0 55
0 92
0 90
1 21
1 76
1 18
0 30
0 21
1 82
0 24
1 32
0 79
1 71
0 88
1 33
0 100
0 71
0 47
1 96
0 82
1 82
1 51
0 63
1 61
1 34
0 81
0 40
1 36
1 81
0 89
1 66
1 54
0 32
0 51
1 27
0 36
0 18
1 42
0 27
1 59
0 95
0 76
0 49
0 50
1 12
1 5
0 12
1 56
1 87
1 39
1 8
0 5
0 39
0 82
1 82
1 43
1 23
0 56
0 42
1 75
0 94
1 17
0 66
0 34
0 81
0 75
1 89
1 78
1 2
0 61
1 47
1 50
1 77
0 17
1 34
1 45
0 45
1 52
0 47
1 48
0 59
0 52
1 11
1 1
0 78
1 79
0 50
1 67
1 76
1 22
1 50
1 3
0 22
1 5
1 24
0 76
0 89
1 81
0 3
0 54
1 25
1 29
1 51
0 81
0 11
1 20
1 36
1 83
0 87
0 20
1 39
1 35
0 48
0 1
0 51
0 50
1 30
0 34
0 8
0 24
0 5
1 91
1 81
1 24
1 63
0 82
1 44
0 44
0 96
0 29
0 63
0 79
0 35
1 48
1 3
1 4
1 89
0 2
1 52
1 26
1 71
1 70
0 30
1 37
1 5
1 100
1 45
0 91
1 12
0 37
1 76
0 5
1 60
0 100
0 77
0 33
0 89
0 52
0 23
1 8
0 76
1 40
1 66
0 24
1 73
0 48
0 66
0 43
0 39
1 10
1 63
1 53
1 46
1 38
0 12
1 61
1 31
0 70
1 47
1 64
0 40
1 39
0 3
0 53
0 63
1 35
0 80
0 81
0 39
0 8
1 5
0 64
0 4
0 10
0 73
0 38
0 25
0 36
0 5
0 60
1 90
1 59
0 35
1 27
1 42
0 47
1 12
0 12
0 67
0 31
1 91
0 46
1 13
1 48
1 4
1 9
1 60
0 71
0 26
0 59
1 31
1 82
1 17
1 70
1 6
0 83
1 97
0 45
1 37
1 25
0 25
0 97
0 37
0 90
1 98
0 31
1 84
0 6
0 98
0 84
1 90
1 86
