1000
1 30
0 30
1 51
1 15
0 51
1 1
0 1
0 15
1 16
0 16
1 34
0 34
1 69
0 69
1 4
0 4
1 4
0 4
1 72
0 72
1 100
1 5
0 100
0 5
1 43
0 43
1 59
0 59
1 100
1 34
1 18
0 34
1 4
1 11
0 100
1 71
0 71
0 4
1 14
0 14
1 41
1 46
1 5
1 63
1 10
0 41
0 46
0 63
1 41
1 77
0 5
1 42
0 41
0 18
0 77
0 42
1 65
1 77
0 10
1 80
0 11
1 34
0 34
1 28
0 77
0 28
1 57
0 80
1 45
0 57
0 45
1 46
0 65
0 46
1 26
1 21
1 44
0 21
0 44
0 26
1 60
1 26
0 26
0 60
1 9
0 9
1 21
1 63
0 21
1 78
1 53
0 78
1 48
1 39
1 57
1 21
0 39
1 91
0 21
1 42
0 42
0 91
1 74
1 10
0 74
1 71
0 71
0 63
0 48
1 51
0 10
0 53
1 39
0 39
1 8
1 78
1 48
0 51
0 57
0 8
1 87
0 48
1 89
1 26
0 26
1 61
1 10
0 89
0 10
0 61
0 78
1 9
0 9
1 84
0 87
1 67
0 84
0 67
1 54
1 53
1 100
1 72
1 91
1 80
0 54
1 82
1 8
0 80
0 82
0 53
1 68
0 100
1 48
1 79
0 72
1 70
1 90
0 90
0 79
1 3
1 79
1 4
1 74
0 4
1 4
1 98
1 22
0 70
0 74
1 19
0 68
0 8
0 4
1 99
1 52
0 79
0 98
0 52
1 61
0 19
1 28
1 11
0 22
1 74
0 91
1 51
0 61
1 30
0 28
1 56
0 48
0 30
1 57
1 69
0 74
1 98
0 99
1 49
0 57
1 12
1 52
1 96
1 26
1 42
1 39
0 12
0 49
0 56
1 91
0 26
1 55
1 70
1 36
0 96
1 43
1 58
1 23
0 91
1 83
0 42
1 18
1 99
0 43
1 48
1 67
0 51
0 67
0 39
0 3
0 99
1 75
0 70
0 23
1 57
0 11
0 98
1 3
1 9
0 69
0 57
1 74
1 72
0 75
1 88
1 26
1 85
0 88
0 48
1 4
0 26
1 5
0 52
1 54
0 83
1 64
1 44
1 80
0 3
1 71
1 67
0 64
1 12
0 4
0 85
0 80
0 71
1 34
1 17
0 58
1 20
0 18
0 9
1 53
1 80
0 67
1 19
0 74
1 52
1 71
1 82
0 82
0 20
1 48
1 86
1 45
0 72
0 52
0 34
1 6
1 89
1 75
1 27
0 36
0 71
1 56
1 13
1 92
0 19
0 6
0 89
0 56
1 28
1 81
1 49
0 55
0 53
0 5
0 44
0 12
1 74
0 92
1 14
0 45
1 15
1 87
1 70
1 88
1 18
0 49
0 70
0 54
0 27
0 74
1 93
1 78
1 10
1 37
0 80
1 89
1 90
1 65
1 83
1 25
0 87
1 33
1 21
0 89
0 93
1 44
0 33
0 15
0 90
0 48
1 22
0 37
1 36
1 84
0 17
1 17
1 31
1 91
1 50
0 31
1 90
0 25
0 14
0 18
0 84
0 10
1 24
0 90
1 92
0 65
0 83
0 50
0 91
0 13
0 92
1 92
1 82
0 75
0 88
0 24
1 84
1 76
1 3
1 63
1 79
0 3
0 92
0 76
0 63
1 29
0 28
1 30
0 36
0 78
0 82
0 21
0 44
1 82
1 77
0 29
1 92
0 17
1 10
1 56
1 19
0 84
0 77
0 79
0 22
1 93
1 6
0 82
0 30
1 35
0 6
0 19
0 92
0 10
1 68
0 93
0 56
1 46
0 46
1 24
1 99
0 24
0 81
1 47
1 94
0 68
0 86
1 85
1 81
1 95
1 63
0 85
1 25
0 35
1 5
0 81
1 79
1 42
0 95
1 26
0 26
0 25
1 87
1 77
1 98
1 52
1 85
1 11
1 10
1 78
0 5
0 85
0 77
0 10
0 52
0 11
1 82
1 81
0 63
1 4
0 87
0 81
1 56
0 79
1 11
0 42
1 33
0 47
1 79
0 4
1 100
1 21
0 33
0 94
0 78
1 40
0 99
0 98
1 42
0 21
0 56
1 59
0 40
1 23
1 80
0 42
0 80
1 8
0 23
1 98
0 82
0 11
0 98
0 59
0 100
0 79
1 96
1 6
1 39
1 55
1 73
0 6
1 82
1 64
0 55
1 52
0 8
1 92
0 73
1 53
0 39
0 53
1 84
1 17
0 64
1 30
1 24
0 92
0 82
0 96
0 84
0 30
1 19
1 35
1 21
0 21
1 1
0 1
1 75
1 36
1 92
0 52
0 19
0 35
1 99
1 44
0 99
1 58
0 36
1 78
0 92
0 75
0 17
1 74
1 85
1 76
0 24
1 81
1 93
1 14
1 67
0 76
0 14
0 81
1 50
1 75
1 47
0 78
1 76
0 76
1 94
0 47
1 15
0 44
1 95
0 95
0 94
1 9
1 69
1 41
1 59
0 9
1 65
1 24
1 55
1 76
0 75
0 24
0 55
1 86
1 42
0 65
0 76
0 85
1 70
0 93
0 69
1 57
1 36
1 37
1 44
0 15
0 59
1 38
0 86
0 70
1 40
1 30
1 80
1 61
0 58
1 22
1 45
0 30
0 57
0 74
1 7
1 8
1 86
0 44
1 91
1 54
0 37
1 60
0 42
1 84
0 61
1 11
0 86
0 60
1 19
0 40
1 63
1 10
1 72
0 8
0 72
0 67
0 63
1 64
0 80
0 38
1 75
1 76
0 41
1 65
1 77
1 78
1 93
0 10
0 91
1 85
0 76
1 2
0 2
0 22
0 85
0 11
1 60
0 78
0 45
0 7
1 6
1 5
0 77
0 65
1 76
0 54
1 85
0 64
0 85
1 56
0 93
1 70
0 6
0 5
1 45
0 60
1 42
0 70
1 33
1 48
0 19
1 17
1 22
1 94
0 50
1 77
1 81
1 6
1 95
0 17
0 33
1 40
1 49
1 7
1 83
0 48
1 67
0 77
0 67
0 7
1 64
1 41
1 7
0 95
1 13
1 23
0 83
0 64
0 84
0 75
0 6
1 24
0 7
0 42
0 41
0 22
1 46
0 56
1 56
1 77
0 81
0 13
1 98
1 28
1 64
1 54
0 45
1 31
1 53
1 67
1 34
0 28
0 40
0 67
1 75
0 31
1 89
1 28
0 36
0 77
1 55
1 57
1 62
0 23
0 28
0 62
1 51
0 98
1 86
1 73
0 57
1 81
0 94
1 8
1 60
1 91
0 75
1 43
0 24
1 13
0 54
0 13
0 55
0 81
0 34
1 10
1 21
1 57
1 90
1 61
1 68
1 6
1 11
1 69
1 54
0 60
1 58
0 61
0 76
1 82
1 59
1 9
1 93
0 54
0 82
1 48
1 35
1 75
0 69
0 48
1 70
1 44
1 30
0 93
0 10
0 73
1 19
1 34
0 21
0 89
0 56
1 60
0 51
1 7
1 48
1 51
1 99
1 54
1 77
0 9
1 47
1 55
0 99
0 49
0 11
1 20
1 18
1 94
0 70
1 92
0 91
1 78
0 20
0 46
1 31
0 6
1 56
1 15
1 65
0 78
1 70
1 66
1 32
0 90
0 47
0 57
0 31
0 75
0 66
1 66
0 55
0 51
0 94
1 69
0 60
1 67
0 65
1 60
0 7
0 67
0 53
0 15
0 43
0 54
0 35
1 61
0 44
0 18
1 79
1 97
1 62
0 59
0 48
0 92
1 76
1 38
0 56
1 65
1 53
1 67
0 70
0 67
0 19
0 34
0 79
0 97
1 80
1 70
1 99
1 71
0 65
1 78
1 39
0 58
1 19
1 21
0 76
0 70
0 86
0 78
1 100
0 99
1 1
1 40
0 62
0 68
1 7
0 53
0 61
1 58
0 8
0 40
1 85
0 100
0 64
0 38
1 96
1 22
0 66
0 80
0 30
0 69
0 21
1 73
1 38
1 72
0 7
0 32
1 28
0 19
1 84
0 71
1 88
1 87
1 4
0 1
0 96
0 58
1 37
0 84
0 39
0 22
0 85
1 59
1 43
1 47
1 5
1 53
0 60
1 64
0 5
0 43
0 64
1 61
0 53
0 4
0 88
1 64
0 77
1 95
1 46
0 47
1 21
0 37
1 88
1 94
0 61
1 80
1 5
0 59
0 80
1 78
1 19
0 64
0 72
1 30
1 86
0 30
0 94
0 21
1 41
1 24
0 87
0 95
1 35
0 38
0 88
1 43
1 2
0 19
0 24
1 50
1 44
1 58
1 79
0 35
0 5
0 41
0 79
0 43
0 73
1 19
1 11
0 2
0 44
1 84
0 11
0 86
0 46
1 33
0 50
0 19
1 12
1 27
0 12
1 86
0 84
0 58
1 45
0 86
0 45
