1000
1 83
1 81
0 83
1 97
0 97
0 81
1 57
0 57
1 72
0 72
1 12
0 12
1 6
0 6
1 24
1 47
1 57
0 57
1 37
1 36
1 71
1 38
0 38
0 24
1 82
1 18
0 82
1 97
1 68
1 13
1 34
1 74
0 68
0 36
0 47
1 68
1 11
0 97
1 33
0 34
1 6
1 75
0 75
1 94
1 95
1 1
0 74
0 18
0 6
1 80
0 68
1 27
0 95
0 33
0 13
0 94
1 13
1 21
1 91
1 40
1 4
0 11
0 27
1 25
0 91
1 63
0 40
0 63
1 91
1 10
0 80
0 21
0 71
0 1
1 84
1 5
1 60
1 6
1 99
0 37
0 4
0 6
1 67
0 67
1 8
0 10
0 99
0 8
1 6
0 60
1 53
1 76
0 84
1 21
0 13
0 91
0 5
0 53
1 50
1 34
0 6
0 50
1 11
0 34
1 13
0 13
1 92
1 10
0 11
0 76
0 10
1 30
0 30
1 86
0 92
1 6
1 84
1 12
0 21
0 25
1 7
1 13
1 60
0 86
1 47
1 64
1 89
1 55
0 84
0 13
0 60
0 89
1 35
1 77
0 55
1 34
1 43
1 83
0 35
1 80
0 6
0 34
0 83
1 36
0 80
1 22
0 7
1 79
1 33
1 80
1 78
0 79
1 21
1 92
1 60
0 80
0 78
1 71
0 77
0 43
0 36
0 21
1 46
0 60
1 61
0 33
1 49
1 39
0 46
0 39
0 22
0 49
1 80
1 27
1 23
1 18
0 80
1 49
0 92
1 55
0 12
0 64
0 23
1 3
1 22
0 47
1 74
1 19
1 86
1 8
0 18
1 63
0 63
1 34
0 86
1 98
1 2
1 93
1 58
0 58
1 21
1 30
0 98
0 34
0 8
1 57
1 4
0 49
1 10
0 74
0 55
1 79
1 69
0 27
1 26
0 30
1 95
1 65
0 21
1 8
0 93
1 44
0 4
0 57
1 45
0 61
1 97
0 95
0 2
1 39
1 35
0 45
0 39
1 72
0 71
0 35
1 61
0 22
0 69
0 65
0 26
0 19
0 97
1 15
0 15
0 3
1 34
1 49
1 81
1 95
0 72
0 44
1 96
1 11
1 44
1 16
1 43
1 62
0 62
1 85
1 31
0 49
1 41
0 79
0 41
0 16
0 96
1 56
0 43
0 56
1 28
0 34
0 81
1 6
0 31
0 61
1 92
0 92
0 6
1 76
0 11
0 8
1 31
0 95
1 74
0 31
0 76
1 22
1 40
1 41
0 85
1 2
1 96
1 69
1 92
1 42
1 39
0 22
0 2
0 92
1 47
0 41
1 70
0 74
1 79
0 69
0 96
0 44
1 21
0 42
1 25
0 79
0 28
0 70
0 21
0 39
1 65
0 40
1 75
0 25
0 10
0 65
0 47
1 54
0 54
0 75
1 12
1 67
0 67
1 66
1 15
1 18
1 82
1 96
0 82
0 96
1 13
0 15
1 19
1 33
1 60
1 64
1 27
1 88
1 26
0 19
0 26
0 12
0 33
1 94
1 67
1 43
1 68
1 91
0 68
0 67
0 60
0 18
1 65
1 77
1 9
1 45
0 65
0 9
1 86
0 88
0 77
1 1
0 64
1 61
0 43
1 67
0 13
1 78
0 94
1 82
0 86
1 39
0 78
1 52
0 91
0 52
0 61
0 67
0 27
1 80
1 69
1 67
0 69
0 39
1 47
0 47
1 39
0 67
1 62
1 41
0 39
1 87
1 47
0 66
0 87
0 1
0 80
0 45
0 62
0 47
0 41
1 87
1 42
0 42
0 82
1 33
0 33
0 87
1 12
1 74
1 73
0 73
1 99
1 88
1 59
0 12
0 59
1 75
0 75
1 44
0 88
1 70
1 75
1 20
1 15
0 44
0 15
0 75
1 92
1 1
0 70
1 5
1 21
0 99
1 34
1 81
1 27
0 21
0 27
1 100
1 96
1 75
1 54
1 97
0 96
0 5
1 41
0 97
1 2
0 1
0 74
1 1
1 37
1 70
0 20
0 75
0 41
0 100
1 35
0 92
1 69
0 34
0 69
0 35
0 81
0 54
1 59
1 26
1 75
1 96
0 37
1 35
1 25
1 71
0 96
0 75
0 70
0 35
0 26
1 65
0 25
1 23
1 42
1 88
0 65
1 79
0 88
0 2
1 76
0 76
1 60
0 60
0 79
0 1
0 59
0 23
0 71
0 42
1 54
1 20
1 23
0 20
1 25
0 23
1 13
1 3
1 61
0 3
0 54
0 25
1 28
0 13
1 81
0 61
0 28
0 81
1 69
1 79
1 77
0 69
0 79
0 77
1 90
1 22
1 33
0 33
0 22
1 86
1 39
1 57
0 57
1 67
0 90
1 91
1 33
1 74
0 67
1 99
0 39
1 75
1 71
1 31
0 33
1 41
0 75
1 56
1 50
1 17
1 29
1 72
0 41
0 71
0 99
1 38
0 50
0 56
0 74
0 91
0 86
1 9
1 19
0 38
0 9
0 17
1 18
0 19
0 31
1 55
0 29
1 48
1 22
1 65
0 72
0 55
0 65
1 5
1 10
0 10
1 98
0 5
0 18
0 48
1 21
0 22
0 21
1 94
0 94
0 98
1 71
1 47
0 71
1 88
0 47
0 88
1 19
0 19
1 91
1 83
1 94
0 94
1 95
0 91
0 83
0 95
1 31
1 69
0 31
0 69
1 64
1 2
0 64
1 49
1 10
1 26
1 16
0 2
1 78
1 17
1 85
1 32
1 40
0 10
1 35
1 87
1 21
1 82
1 61
0 35
0 61
1 2
1 22
1 57
1 88
0 22
0 32
1 39
1 5
1 13
0 85
1 94
0 39
1 72
1 74
1 34
1 79
1 10
0 78
1 14
0 79
1 11
0 82
1 98
1 58
0 21
0 11
1 21
1 61
0 26
1 71
1 85
0 10
0 5
1 41
1 22
1 4
0 49
1 15
0 87
1 53
0 2
1 20
1 1
1 44
1 76
0 98
1 42
1 75
1 89
1 77
0 88
0 34
0 21
0 76
0 14
0 61
1 96
1 24
0 71
0 20
0 53
1 76
1 43
0 24
1 65
0 94
1 50
0 42
0 89
1 70
0 22
0 96
1 9
0 74
1 51
0 75
0 85
1 25
0 76
1 18
0 65
0 9
0 58
0 44
1 87
0 16
0 72
0 17
0 87
0 70
0 18
0 51
1 78
0 15
0 4
0 77
0 25
1 60
0 1
0 41
1 8
0 78
1 10
0 57
0 60
1 81
1 63
1 49
1 14
1 29
1 9
0 40
1 90
1 15
0 15
0 14
1 64
1 6
0 43
1 1
1 65
1 18
0 81
1 55
0 10
0 29
1 85
0 9
0 63
1 14
0 8
1 97
1 73
0 50
0 65
0 1
1 81
1 43
1 77
1 98
0 43
1 86
0 14
0 77
1 48
1 77
0 86
1 80
1 82
1 23
1 8
1 36
0 55
0 23
0 36
1 30
1 51
0 77
1 35
0 85
1 5
1 99
0 99
1 59
0 51
1 54
0 49
0 54
0 90
1 91
1 39
1 36
1 2
1 1
1 31
1 11
1 65
0 36
1 37
1 4
0 35
1 9
1 89
1 41
1 24
0 31
1 19
0 97
1 10
1 77
1 40
1 84
1 76
0 24
1 28
0 28
1 49
0 80
1 42
1 51
1 31
0 91
1 88
0 64
0 9
1 83
1 85
0 82
1 100
0 39
0 84
1 63
1 55
1 53
1 24
0 6
0 42
1 3
1 42
0 53
1 93
0 89
1 86
0 3
0 5
0 37
1 43
0 18
0 48
0 42
1 32
1 36
1 9
1 23
1 3
0 24
1 82
0 19
1 87
1 92
0 100
0 82
1 7
1 96
0 55
0 7
1 69
1 33
1 6
1 60
1 78
1 97
0 93
0 98
1 89
0 51
0 81
1 34
0 6
0 9
1 74
0 69
0 34
0 8
1 90
1 12
1 28
1 99
1 64
0 97
1 15
0 13
0 87
1 66
1 51
1 16
1 81
0 66
1 56
0 76
1 61
1 66
0 3
1 82
1 87
0 33
0 96
1 93
0 64
1 20
0 20
0 83
0 56
1 38
1 44
0 92
1 34
1 91
1 24
1 100
0 74
0 100
1 100
1 64
1 57
1 98
0 87
0 89
1 94
1 17
1 3
0 17
1 17
0 32
1 18
0 28
1 67
0 24
1 95
0 17
1 33
1 52
1 96
1 50
1 92
0 67
1 28
0 40
0 11
1 5
1 83
0 57
0 78
0 96
1 67
1 40
0 91
1 39
1 17
1 45
1 37
0 16
0 39
0 52
0 28
0 99
1 9
1 62
0 9
0 36
0 73
1 8
0 51
0 1
0 17
0 98
1 6
1 71
1 24
0 83
0 37
0 24
1 21
1 87
1 51
