1000
1 7
1 30
0 7
1 72
0 30
1 50
1 21
1 97
1 32
1 33
0 72
0 33
1 20
1 87
1 77
1 72
1 2
1 56
0 32
1 57
0 20
0 77
1 26
1 15
0 15
0 26
0 57
1 30
0 2
0 21
0 87
1 5
0 72
1 59
1 64
1 77
1 73
0 59
0 73
1 41
0 56
1 31
0 30
1 45
0 31
0 97
0 77
0 64
1 21
0 41
0 50
1 35
1 72
1 32
1 13
0 72
0 13
1 22
0 5
1 7
0 21
1 60
0 60
1 17
1 34
1 93
0 22
1 36
0 32
1 57
1 68
1 1
0 36
0 34
0 57
0 17
0 93
1 2
0 7
0 45
0 2
0 1
1 85
1 50
1 38
1 4
1 24
1 52
1 43
1 17
0 50
1 34
0 85
1 79
0 79
1 42
0 38
0 35
0 34
1 59
1 9
0 17
0 52
0 42
1 99
0 68
0 99
0 43
0 4
0 24
1 86
1 43
1 22
0 22
1 16
1 96
1 64
1 12
0 9
0 16
1 83
0 96
0 83
1 8
0 59
0 12
0 64
1 76
1 29
1 34
0 86
0 29
1 1
1 27
0 76
1 95
1 3
0 8
1 8
0 27
0 34
1 58
1 2
1 4
0 8
1 79
1 71
0 43
1 46
1 57
1 38
0 1
0 38
1 82
1 30
1 15
0 4
1 83
1 90
1 6
1 66
1 56
1 88
1 81
0 79
0 57
0 3
1 8
0 2
1 44
1 41
0 15
1 80
1 99
1 67
1 9
0 56
1 24
0 90
0 83
0 88
0 30
1 72
1 14
1 63
1 57
0 71
0 99
1 68
1 45
0 46
1 47
1 42
1 43
0 8
1 78
0 82
0 41
0 58
1 39
0 80
0 14
0 39
0 47
0 24
1 41
1 58
1 69
1 85
1 50
1 71
0 50
0 42
1 79
0 45
0 43
0 71
1 53
0 67
1 2
0 44
0 58
1 84
1 26
1 73
1 70
1 18
0 68
1 61
1 99
0 78
0 61
1 11
0 6
1 27
1 100
0 95
0 79
1 10
0 66
0 81
1 52
0 2
1 58
0 52
0 27
0 10
1 65
0 11
0 9
0 72
0 63
0 41
0 18
0 57
0 73
1 27
1 6
1 76
0 69
0 100
0 99
0 26
0 6
1 17
1 94
1 66
0 53
1 13
1 38
0 58
0 76
1 97
1 28
1 75
1 83
0 75
0 94
1 19
0 19
1 86
1 21
1 71
1 79
1 37
1 95
1 94
0 83
0 94
1 83
0 21
1 64
0 86
0 97
1 86
0 64
0 38
1 73
0 84
1 68
0 71
1 67
0 17
1 46
1 53
0 53
1 24
0 95
1 21
0 67
1 38
1 80
0 70
0 68
1 84
1 98
0 28
0 66
0 84
0 46
1 19
1 45
1 20
1 88
1 14
1 76
0 24
1 36
1 93
1 15
0 38
0 76
1 34
0 88
1 4
0 83
0 93
1 30
1 8
1 51
0 14
1 29
1 44
1 10
1 94
0 45
1 66
0 4
1 33
1 81
0 80
0 20
1 75
0 36
0 10
0 27
0 21
0 75
0 81
0 98
1 36
0 13
0 44
0 73
1 7
1 14
0 15
0 51
1 31
0 65
0 29
0 8
0 19
1 76
0 34
1 75
1 83
1 78
0 7
0 66
1 68
1 63
1 93
1 3
1 70
1 58
0 14
1 47
1 66
1 61
0 68
1 97
0 93
1 18
1 20
1 84
1 21
1 95
0 76
0 47
1 76
0 85
1 44
0 36
0 37
1 85
0 75
0 21
0 97
1 88
0 86
0 83
0 79
1 52
1 68
0 3
1 69
1 46
0 33
0 69
1 86
0 20
0 68
0 76
1 91
0 30
1 32
1 81
0 18
1 50
1 64
1 33
1 93
0 64
1 96
1 18
1 80
1 59
1 8
0 85
0 66
0 81
1 99
1 51
0 44
0 70
1 27
0 59
1 92
0 86
0 61
0 99
0 33
0 95
0 92
0 88
1 90
1 41
1 53
0 27
1 71
1 36
1 79
0 18
0 79
0 8
0 93
0 90
1 40
0 91
0 96
1 95
0 50
1 9
0 32
1 49
1 61
1 14
0 9
1 96
0 96
0 58
1 21
1 15
0 63
0 53
1 65
1 5
0 31
0 84
0 46
1 96
0 52
1 93
0 93
1 62
1 97
1 60
1 13
1 7
1 23
1 25
1 39
1 89
1 73
1 88
0 25
0 94
0 73
1 82
0 89
0 95
0 49
1 53
1 52
0 40
1 32
1 34
0 88
1 54
0 13
0 32
1 17
0 62
0 23
0 17
0 34
0 52
0 82
1 67
1 52
0 53
0 51
1 2
1 98
1 48
1 25
1 8
0 97
1 74
1 62
1 40
1 28
1 44
0 67
1 70
0 96
1 3
1 45
1 55
1 93
0 48
0 2
0 52
0 62
0 80
0 8
0 21
0 15
1 8
1 62
1 18
1 79
1 56
1 29
0 60
0 3
1 26
0 36
1 99
0 56
1 73
0 61
1 46
1 42
0 5
0 93
1 9
1 56
1 82
1 75
0 99
0 8
0 29
1 27
0 75
1 20
0 71
0 40
1 67
1 83
1 61
1 75
0 9
1 76
0 56
0 82
1 47
1 56
0 62
0 41
0 55
1 41
1 43
0 46
1 46
0 41
0 18
0 65
0 76
1 31
0 43
1 55
0 70
1 91
1 99
0 67
1 23
1 62
0 83
1 92
0 45
0 91
1 48
1 59
0 79
0 28
0 20
1 38
1 16
1 57
1 94
1 63
1 97
0 46
1 58
0 63
1 69
1 76
0 16
1 28
0 14
0 44
0 38
0 57
0 75
1 36
1 40
0 40
1 63
1 43
0 48
0 74
0 62
0 61
0 56
0 99
0 94
1 18
1 15
0 15
0 98
0 26
0 97
0 39
0 28
1 24
0 92
1 21
1 87
1 97
1 26
0 36
0 87
1 48
0 63
1 28
0 97
1 14
1 91
1 41
0 69
0 23
1 44
0 42
1 79
1 68
1 53
0 18
1 62
1 9
1 87
1 22
1 11
0 58
1 5
1 1
0 44
0 31
1 57
1 70
0 48
1 35
1 17
0 27
0 55
0 79
1 66
1 40
1 83
0 24
0 22
1 84
0 21
1 37
0 47
0 9
0 40
1 92
1 50
1 55
1 79
0 26
0 54
0 53
0 43
1 80
0 83
0 25
0 84
0 68
1 12
1 8
0 79
0 7
1 31
0 11
1 4
0 57
0 91
1 77
1 67
1 45
1 64
1 58
0 70
0 14
1 56
0 62
1 30
0 1
0 73
0 58
0 76
0 55
0 12
1 81
1 36
1 95
0 4
1 57
0 77
0 66
0 78
1 18
0 5
0 57
0 67
0 37
0 45
1 9
1 66
0 31
0 81
0 28
0 9
0 92
1 42
0 18
1 48
0 30
0 17
1 77
0 42
0 77
0 48
1 11
0 50
0 8
1 29
1 81
0 56
1 30
0 64
0 59
1 60
1 51
1 55
1 37
1 7
0 80
0 87
1 38
1 49
0 35
1 85
1 35
1 67
1 58
1 82
0 95
0 85
1 12
0 11
0 49
1 59
1 61
0 12
1 86
0 66
1 66
0 29
0 37
0 38
0 61
0 51
0 58
0 35
1 88
0 41
1 83
1 61
0 59
1 23
0 55
1 34
0 88
0 36
1 6
0 6
1 13
1 35
1 36
0 86
1 84
0 30
1 27
0 82
1 58
0 36
0 84
0 83
0 27
1 83
1 27
1 100
1 14
1 55
0 14
1 37
1 91
0 67
1 82
1 88
0 88
1 48
0 13
1 43
0 58
1 49
0 49
1 41
1 94
0 35
0 37
0 41
1 33
0 83
0 27
0 61
0 48
1 31
1 32
0 33
0 81
1 22
1 64
1 11
0 60
1 57
0 82
0 55
0 22
1 95
0 32
1 96
1 46
1 32
1 41
1 54
0 31
1 70
0 32
0 100
1 24
0 70
1 92
1 71
0 24
0 92
0 7
0 11
0 66
1 98
0 57
1 28
1 37
1 8
0 91
0 43
1 72
0 28
0 34
1 59
0 64
1 53
0 98
1 13
1 64
1 87
0 94
1 14
1 63
1 79
1 97
1 42
1 47
0 41
1 24
0 47
1 77
0 71
0 37
1 85
0 64
1 56
0 14
1 38
0 79
0 38
1 29
0 97
1 66
1 90
1 43
0 72
1 3
1 74
1 88
0 56
0 54
1 25
1 89
1 38
1 73
1 97
1 99
0 96
0 85
1 40
1 41
1 4
0 97
1 44
1 9
1 33
0 42
0 90
0 95
0 40
1 6
0 24
1 47
0 41
1 45
0 88
1 88
1 48
1 49
0 45
1 82
0 66
1 36
1 15
1 70
0 46
1 11
0 23
1 34
1 40
