1000
1 64
0 64
1 21
0 21
1 24
0 24
1 84
0 84
1 24
1 40
1 33
1 55
1 82
1 23
1 62
1 69
1 47
1 10
0 55
0 69
1 63
1 34
1 28
1 25
1 7
0 24
1 65
0 82
0 47
1 82
0 23
1 11
0 34
1 64
0 11
1 91
0 10
1 45
1 35
0 7
1 92
1 95
0 95
0 64
0 25
1 81
1 41
0 33
0 62
0 63
1 44
0 44
0 91
1 39
1 8
1 9
0 9
1 100
1 99
1 29
0 92
1 18
1 89
1 13
0 13
1 46
1 19
0 46
1 1
0 39
0 65
1 61
0 82
1 82
1 42
1 30
0 61
1 49
0 81
0 49
0 18
0 42
0 30
0 40
0 19
1 86
0 8
1 63
1 69
1 3
1 96
0 35
0 3
0 89
1 33
0 45
0 28
1 61
1 90
0 33
1 84
1 77
0 90
0 86
0 1
0 77
1 59
1 47
0 63
1 23
0 100
0 59
0 23
0 99
0 61
1 20
1 90
1 72
1 11
1 21
1 75
0 75
1 30
0 72
1 83
0 30
1 19
1 71
1 77
1 89
1 74
1 35
1 78
0 21
0 19
0 47
1 21
0 74
0 83
0 89
0 11
0 35
0 77
1 97
0 69
0 29
0 97
0 96
0 71
1 59
0 82
1 16
0 90
1 51
0 41
1 35
1 45
1 79
0 51
1 82
1 55
1 100
1 1
1 19
0 59
1 62
0 19
0 16
0 84
1 75
0 21
1 3
1 98
0 1
1 32
1 56
1 2
0 35
0 32
0 75
1 8
0 62
0 20
0 2
0 82
1 46
1 28
0 28
0 55
0 45
0 3
0 8
0 56
1 1
0 46
1 21
1 71
1 81
1 37
1 35
0 81
0 79
0 35
1 59
0 37
1 43
0 98
1 90
0 90
0 59
0 43
1 81
1 86
1 51
0 51
0 78
0 21
1 84
0 84
1 83
0 71
1 66
0 1
0 83
1 65
1 54
0 86
0 65
0 81
1 84
1 88
0 84
0 54
0 100
1 61
0 88
0 61
0 66
1 94
0 94
1 28
1 78
0 28
1 86
0 86
1 48
1 58
0 48
1 1
0 78
1 28
1 45
1 35
0 45
0 35
0 1
1 20
1 63
0 28
1 16
1 62
0 58
0 16
1 97
0 97
1 100
1 2
1 22
0 100
1 64
1 11
1 71
1 31
1 95
0 62
0 64
0 95
1 40
1 9
1 83
1 24
1 39
1 66
0 71
1 89
0 83
0 40
0 66
1 50
0 31
0 9
0 24
1 53
1 75
1 98
1 35
0 98
1 62
0 53
0 75
1 41
0 41
1 17
1 49
1 76
0 50
0 49
0 22
1 12
0 89
1 89
0 12
0 76
1 52
0 20
0 17
1 54
1 21
1 82
1 47
0 52
1 57
1 79
0 35
1 83
1 55
1 58
0 63
1 16
1 56
0 57
1 35
0 62
0 16
1 9
1 74
0 79
0 21
0 58
0 89
1 91
1 8
1 92
0 9
0 35
1 40
1 62
0 92
0 40
1 63
1 72
1 27
0 39
0 83
0 27
0 47
1 92
1 18
0 54
0 72
0 74
1 46
0 56
0 62
1 6
0 63
1 76
0 2
0 55
0 18
1 44
0 91
1 47
0 76
0 46
0 8
0 44
0 6
1 77
0 82
1 64
1 48
0 48
0 64
0 47
0 11
1 87
1 84
1 56
0 77
0 56
0 92
1 9
0 84
1 99
0 9
1 57
0 99
0 57
1 86
1 2
1 25
1 49
0 87
1 57
1 7
0 25
1 9
0 86
1 10
1 42
0 2
1 32
0 7
1 48
0 10
0 49
0 42
0 32
0 9
1 82
1 60
0 48
1 37
0 60
0 57
0 82
1 47
0 47
0 37
1 21
0 21
1 11
0 11
1 98
0 98
1 35
0 35
1 26
1 37
0 37
0 26
1 87
1 10
0 10
0 87
1 18
0 18
1 71
0 71
1 88
1 71
0 88
1 62
1 49
1 51
1 6
1 57
0 57
1 19
1 14
0 62
1 80
0 6
1 20
0 71
1 52
0 80
0 19
0 51
1 45
0 20
1 30
1 92
1 39
1 57
1 95
1 50
0 52
1 76
0 76
0 49
0 57
1 40
1 89
0 40
1 27
0 92
0 14
1 8
0 89
1 14
1 89
1 74
0 27
1 51
0 45
1 25
1 80
0 95
1 45
1 19
1 36
0 74
1 17
0 19
1 65
0 50
1 70
1 62
1 4
1 90
0 25
0 90
0 39
1 18
1 6
0 45
0 36
1 59
0 89
1 56
1 79
1 15
1 61
1 49
1 90
0 65
0 59
0 90
1 81
0 61
0 70
1 85
1 83
0 83
0 62
0 4
1 72
0 56
1 16
1 47
0 8
0 72
1 52
1 20
1 31
0 31
0 18
1 55
0 80
0 15
1 50
0 52
1 18
1 89
1 37
0 17
1 90
1 7
1 77
1 35
0 50
0 55
0 49
1 5
1 43
0 43
1 80
0 6
1 8
1 52
0 47
0 77
0 81
0 8
1 96
0 37
1 91
0 90
0 80
0 14
0 16
0 91
1 95
0 5
0 30
0 79
0 35
0 18
1 40
0 20
0 95
0 52
1 2
1 54
0 7
1 15
1 33
0 15
1 34
0 54
1 32
1 86
1 64
0 86
1 4
1 61
0 61
1 8
1 52
0 85
1 92
0 34
1 83
1 81
0 4
1 78
1 39
1 79
1 34
0 39
0 64
0 8
1 13
0 83
1 82
1 58
0 78
1 98
1 60
1 90
1 85
0 13
1 73
1 55
0 82
1 78
0 79
1 3
1 65
0 92
0 90
0 81
1 5
0 3
0 40
1 90
1 64
1 30
0 89
1 93
0 30
0 5
0 96
1 31
1 8
1 66
1 91
0 73
0 93
0 51
0 8
1 82
0 52
0 91
1 46
1 22
1 15
1 20
1 45
0 82
1 77
1 47
1 51
1 48
0 55
1 13
0 13
0 65
0 47
1 19
0 90
0 46
0 45
1 27
1 70
0 2
1 28
0 22
1 18
0 85
1 11
1 65
0 34
0 70
1 4
1 62
0 11
0 27
0 4
1 2
1 70
1 21
0 18
0 78
1 61
1 97
0 19
1 86
0 32
0 70
0 61
1 17
0 28
1 34
0 64
1 36
0 2
1 43
0 33
0 31
1 74
0 48
1 24
0 51
0 86
1 13
0 74
1 52
1 69
0 98
1 42
1 51
1 96
1 14
1 71
0 51
1 26
0 52
1 73
0 65
1 2
1 59
0 17
0 77
1 45
0 96
1 75
1 4
0 13
0 4
0 34
0 75
0 73
0 59
0 45
1 53
0 69
0 2
0 62
0 24
0 14
1 75
1 2
1 22
0 71
0 20
1 92
1 59
0 36
1 99
0 66
0 21
0 60
1 76
0 2
0 53
0 43
1 86
1 24
0 97
0 24
0 26
1 68
1 91
1 47
0 42
1 39
1 24
1 57
1 67
1 31
0 59
1 28
1 16
0 92
0 15
0 31
1 89
1 54
0 68
0 76
0 89
0 75
0 57
1 42
1 3
0 22
1 29
0 91
1 95
0 86
0 29
1 90
1 80
1 88
0 58
0 54
0 67
1 33
1 49
0 49
0 90
0 39
0 88
1 8
1 26
0 80
0 28
1 67
1 5
0 3
1 18
0 8
1 56
1 82
1 3
1 39
0 82
0 16
1 78
0 26
1 43
0 67
0 47
0 24
1 80
0 43
0 42
0 80
1 64
0 3
1 65
1 59
1 90
1 12
1 38
0 78
1 20
0 95
0 12
0 90
0 39
0 65
1 86
1 87
0 99
1 97
0 87
1 21
1 24
0 33
0 97
1 62
1 31
0 38
1 65
1 42
1 32
1 25
0 62
0 64
1 73
0 5
1 76
0 73
1 28
1 69
0 24
1 12
1 4
1 73
0 21
1 54
0 12
1 15
0 59
1 11
0 20
1 10
1 45
0 18
0 28
0 54
0 10
0 69
1 52
1 16
0 86
1 61
1 9
1 18
0 56
0 73
0 16
0 25
1 100
0 100
0 65
1 84
1 59
0 45
0 61
0 42
0 9
1 8
1 44
0 15
1 75
1 5
0 11
1 62
1 78
1 60
1 22
1 3
0 78
1 61
0 31
0 3
1 45
1 6
0 44
1 7
0 7
1 37
0 45
1 29
0 4
1 15
0 84
0 6
0 29
0 76
1 4
0 61
0 75
0 5
1 96
1 86
0 37
0 86
0 4
0 59
1 33
1 41
0 18
0 22
0 8
1 14
1 49
1 34
0 49
0 41
1 11
0 96
0 52
1 59
0 14
0 59
1 53
1 92
0 62
0 60
0 34
0 33
1 78
0 32
0 78
0 15
1 72
0 11
1 63
0 53
1 41
1 33
1 69
1 13
1 79
