1000
1 23
1 61
1 28
1 57
0 28
1 8
1 16
1 98
1 31
0 98
0 23
0 57
0 31
1 10
1 36
1 100
1 56
1 63
1 26
1 15
1 97
1 59
1 54
0 59
1 3
1 55
1 94
0 55
0 8
1 11
0 61
1 1
0 10
0 15
0 16
1 25
1 43
0 43
1 61
1 27
1 64
1 35
1 42
0 11
1 65
1 57
0 35
1 9
1 73
1 95
1 87
1 33
0 54
0 87
1 41
1 66
1 22
0 100
0 97
1 14
0 57
0 65
0 14
1 62
0 1
0 56
1 79
1 70
1 75
1 6
1 83
0 33
1 65
0 94
0 22
0 63
0 64
0 95
1 2
0 42
0 41
0 73
1 15
1 81
0 75
0 61
1 67
0 25
0 9
0 79
1 57
1 43
1 28
0 3
0 65
1 51
0 81
1 60
1 73
0 27
1 25
0 26
1 96
0 57
0 15
1 11
0 66
1 84
0 43
1 52
0 52
0 25
1 14
1 15
1 27
1 48
0 15
0 70
0 48
1 93
1 94
1 80
1 15
1 68
1 90
0 11
0 93
0 2
0 60
1 89
1 79
1 2
1 45
1 46
1 17
0 62
1 37
1 69
1 10
1 52
1 38
0 10
1 70
1 86
0 15
0 70
1 81
0 52
0 14
0 46
1 40
1 20
1 26
1 70
1 61
1 95
0 69
1 34
0 68
1 39
1 57
1 71
0 89
0 28
0 37
0 20
1 9
0 2
0 38
0 94
1 28
1 64
1 10
0 57
0 73
1 29
1 76
0 9
1 12
0 70
1 72
0 71
0 10
1 57
1 70
0 51
0 27
0 40
1 66
0 66
0 72
1 32
0 6
0 36
1 89
0 64
1 11
0 96
0 61
0 12
1 82
0 84
0 28
0 70
0 80
1 75
1 62
1 27
0 32
1 46
0 67
0 29
0 26
1 71
0 71
1 9
0 45
0 86
1 23
0 27
0 39
0 23
0 75
1 7
0 76
0 82
0 34
0 57
1 42
1 99
1 33
1 80
1 5
1 84
1 91
1 74
0 17
1 59
1 13
1 39
0 84
1 40
0 5
1 52
0 79
0 46
1 78
0 90
0 13
1 46
0 42
0 99
0 33
0 91
0 52
1 30
0 40
1 100
1 86
1 87
0 78
0 86
1 48
0 46
1 4
0 95
1 3
1 24
0 81
1 73
1 99
0 30
1 81
0 3
1 72
1 1
0 72
1 90
1 16
1 47
0 9
0 87
1 92
1 36
0 11
0 80
1 17
1 79
1 12
0 39
1 19
0 89
1 75
0 83
1 2
0 90
1 27
1 94
1 43
1 69
1 49
0 47
0 2
1 98
1 2
0 43
1 37
1 28
0 69
1 55
0 48
1 38
0 4
0 16
1 95
0 79
1 66
0 74
0 62
1 6
1 82
1 33
1 72
1 3
0 33
1 50
0 72
1 46
1 83
1 48
1 39
0 28
1 96
1 77
1 22
1 28
0 6
1 67
0 17
0 46
1 41
1 4
1 29
1 84
1 47
1 85
0 7
0 28
0 4
1 17
0 82
0 39
0 66
0 24
0 36
0 17
0 83
1 82
1 20
1 28
0 3
1 39
0 59
0 95
1 93
0 22
0 39
0 29
1 86
0 82
0 28
0 41
1 21
0 73
1 97
1 95
0 21
1 25
1 28
1 56
1 58
0 48
1 51
1 29
1 30
0 25
0 85
0 49
1 7
1 52
1 53
1 74
0 50
0 55
1 44
1 34
0 67
0 30
1 13
0 34
1 68
1 70
1 73
0 7
0 53
0 81
1 32
0 27
1 22
0 100
0 98
1 79
1 50
0 68
1 87
1 90
0 2
0 50
1 21
1 39
0 38
0 70
0 95
1 30
1 14
0 77
1 72
0 75
0 84
1 45
1 36
1 41
0 74
1 78
0 94
0 21
0 12
0 99
0 32
1 27
0 93
0 73
1 2
0 87
1 53
1 60
1 99
0 14
1 69
1 59
1 93
0 13
0 2
0 39
1 67
0 93
0 20
0 29
0 51
0 99
0 52
0 86
0 28
1 99
0 30
0 96
1 62
0 78
0 19
1 48
0 27
0 69
1 39
0 62
1 78
1 52
0 39
0 67
0 41
0 58
0 1
1 10
0 37
1 25
0 90
0 52
1 67
0 45
0 72
0 78
1 23
1 33
1 27
0 25
1 98
0 99
0 44
0 56
1 72
1 46
1 87
0 36
0 47
1 66
1 89
0 27
0 92
0 87
0 97
1 27
0 48
1 15
1 93
0 98
0 66
1 32
1 81
0 46
0 93
1 74
1 73
1 75
0 22
0 81
0 33
0 79
0 67
1 57
1 79
0 79
0 59
1 79
1 8
0 89
1 82
0 75
1 100
1 51
1 29
1 14
0 15
0 100
1 37
1 9
0 82
0 32
0 53
1 98
0 60
1 5
1 28
0 57
0 8
1 6
0 51
1 11
0 27
0 9
1 38
0 74
0 23
0 6
1 85
0 38
1 7
0 72
0 14
1 56
0 37
0 98
0 56
0 7
0 85
0 5
1 6
1 14
0 29
1 32
0 14
0 73
1 63
1 82
0 32
0 11
0 82
1 51
0 79
1 35
0 63
0 10
1 79
0 51
0 79
0 6
0 28
0 35
1 6
1 85
0 85
0 6
1 94
0 94
1 70
0 70
1 91
0 91
1 58
1 70
1 15
0 70
0 58
1 53
1 57
1 13
0 15
1 63
0 63
0 53
1 78
1 22
0 78
1 21
0 22
1 69
1 48
1 31
0 69
0 57
0 48
0 31
1 90
0 90
0 21
1 64
1 82
0 13
0 64
1 8
0 82
0 8
1 42
0 42
1 56
0 56
1 65
0 65
1 61
1 35
1 15
1 39
0 35
0 39
0 15
1 45
0 61
1 94
0 45
1 25
1 53
0 25
0 53
1 20
1 41
1 97
0 41
1 11
0 11
1 13
0 94
0 13
0 20
1 34
1 7
0 7
1 16
0 34
0 16
1 71
1 60
0 60
1 28
0 28
1 45
1 32
1 91
0 45
0 32
0 71
1 72
0 97
0 72
0 91
1 91
1 81
0 81
0 91
1 92
1 79
1 63
0 79
1 45
0 45
1 98
0 63
0 92
0 98
1 25
1 29
1 72
0 25
1 24
1 54
1 40
1 6
0 40
0 6
1 86
0 24
0 86
1 34
0 54
1 47
0 47
0 34
1 7
0 7
1 1
0 1
1 53
0 53
1 60
1 69
0 29
1 22
0 69
0 72
1 42
0 42
0 22
0 60
1 100
1 91
0 91
0 100
1 12
1 65
1 34
1 27
1 15
0 65
1 20
0 15
0 27
0 12
0 34
0 20
1 55
1 12
1 93
0 55
0 12
1 41
1 94
1 16
1 14
0 14
0 41
0 93
1 4
0 16
0 4
0 94
1 39
1 19
1 89
0 39
1 60
0 60
0 19
0 89
1 28
1 44
1 47
1 29
0 44
0 47
0 29
1 46
1 41
0 46
0 41
1 100
1 98
1 47
0 28
0 100
0 47
1 23
0 23
0 98
1 29
1 33
1 65
0 65
0 33
1 7
1 84
0 7
0 29
0 84
1 26
0 26
1 6
1 35
0 35
1 29
1 44
0 6
1 95
0 29
0 44
1 32
0 95
0 32
1 99
0 99
1 65
1 45
1 59
1 53
1 38
1 12
1 32
0 45
0 53
0 65
0 38
1 21
1 39
1 22
1 44
0 39
0 32
0 12
0 22
0 44
0 21
0 59
1 59
0 59
1 21
1 57
1 75
1 52
0 21
1 83
1 79
1 9
0 75
0 83
0 52
1 92
1 10
0 57
0 79
1 12
0 10
0 12
1 88
0 92
1 56
0 88
1 54
1 11
1 85
0 9
1 50
0 50
0 54
0 56
1 76
1 26
0 26
0 11
1 41
0 85
0 76
0 41
1 67
1 26
0 67
1 92
1 5
0 5
0 92
1 4
0 4
0 26
1 21
0 21
1 27
0 27
1 58
0 58
1 47
1 65
0 47
0 65
1 24
0 24
1 27
0 27
1 88
1 18
1 92
1 44
0 44
1 97
1 14
1 74
0 18
0 74
1 65
1 54
1 20
1 21
0 54
1 59
0 65
1 46
1 82
1 6
1 74
0 20
1 11
1 17
0 46
1 68
0 14
1 81
1 4
1 20
1 100
1 63
0 6
0 97
0 21
0 82
0 81
1 77
1 76
1 52
1 16
1 10
1 53
0 10
1 82
1 54
0 52
1 69
0 74
1 60
1 22
0 76
1 61
1 70
0 20
0 77
1 23
1 89
1 24
1 45
0 45
1 83
1 5
0 23
0 54
0 61
1 3
0 88
0 53
1 43
1 40
1 84
0 83
0 5
0 69
0 68
1 44
1 71
1 50
0 40
0 89
0 22
1 35
0 63
1 61
1 99
0 82
1 7
