1000
1 41
1 45
1 35
1 44
1 2
1 55
1 34
0 41
1 89
1 5
0 2
0 44
1 68
1 56
0 56
1 69
0 69
1 43
1 22
1 18
0 22
1 26
1 100
0 45
1 1
1 98
1 10
1 19
0 34
1 88
0 1
1 76
0 18
0 19
1 52
0 35
0 52
0 68
1 36
0 55
1 46
1 30
0 43
1 62
1 69
0 62
1 57
0 26
0 100
0 69
1 81
0 81
1 37
0 5
1 84
0 36
0 30
1 74
1 62
1 11
0 89
0 11
1 47
0 37
0 62
1 18
0 88
1 22
1 86
1 89
0 98
0 10
0 18
1 48
0 84
0 47
1 51
0 22
0 76
1 52
0 74
0 48
0 46
1 82
0 86
0 52
1 33
0 57
0 82
1 45
0 89
0 45
1 52
1 2
0 51
0 33
0 52
1 8
1 76
1 79
0 76
0 2
1 16
0 16
1 2
0 79
0 2
0 8
1 19
1 85
1 8
0 85
0 19
1 78
0 78
0 8
1 84
0 84
1 34
1 55
1 46
0 34
0 46
1 29
0 29
0 55
1 95
0 95
1 83
1 30
0 83
0 30
1 60
1 34
0 60
1 93
0 34
1 94
0 94
0 93
1 95
0 95
1 60
1 26
1 98
0 60
0 26
0 98
1 27
0 27
1 20
0 20
1 64
0 64
1 95
0 95
1 69
0 69
1 83
1 86
0 83
1 41
0 41
0 86
1 4
0 4
1 71
1 22
1 11
1 46
1 64
0 71
0 46
1 23
0 22
0 64
0 11
1 14
0 23
1 87
0 87
1 88
0 88
1 94
0 94
0 14
1 92
0 92
1 74
0 74
1 43
0 43
1 92
0 92
1 53
0 53
1 73
0 73
1 28
1 15
0 15
0 28
1 42
0 42
1 85
1 56
0 85
1 5
0 56
0 5
1 97
0 97
1 80
1 19
1 42
0 19
0 42
1 33
1 6
0 80
1 86
0 33
0 6
0 86
1 13
0 13
1 65
0 65
1 4
0 4
1 97
0 97
1 30
1 61
1 10
1 95
0 30
0 61
1 35
0 10
0 95
1 46
1 71
0 35
1 29
1 94
0 71
1 92
0 92
1 6
0 6
1 41
1 38
0 41
0 46
1 81
1 95
0 29
1 96
1 66
1 13
0 94
1 15
1 9
1 73
1 76
0 38
0 95
1 69
0 69
1 70
0 96
1 31
0 31
0 66
0 73
1 14
0 76
0 9
1 52
1 61
1 23
0 13
1 32
1 88
0 70
0 14
0 81
1 70
0 32
1 37
1 56
0 88
0 23
0 56
0 52
1 95
0 15
0 37
0 61
1 38
1 23
1 8
0 38
1 59
0 23
1 56
0 95
1 51
0 8
0 59
0 56
1 27
0 51
1 79
1 3
1 62
1 71
1 63
1 43
0 71
0 63
0 43
1 52
1 19
0 70
1 24
1 4
0 19
1 32
0 4
1 36
1 76
0 32
1 74
0 79
0 24
0 62
1 11
0 52
1 91
0 76
0 3
1 79
0 79
1 90
1 86
0 36
0 91
0 11
1 43
1 41
0 41
0 43
1 87
0 86
0 27
0 90
0 74
0 87
1 93
0 93
1 3
0 3
1 14
0 14
1 93
0 93
1 99
1 16
1 15
1 72
1 1
1 69
1 39
0 72
1 76
1 96
0 76
1 57
0 16
0 96
1 63
1 75
1 77
1 91
1 87
1 16
1 61
0 1
0 61
1 64
1 97
1 40
0 75
0 69
0 77
1 68
0 97
0 87
0 16
0 40
1 61
1 74
1 95
1 7
1 62
0 91
1 80
1 81
1 85
0 80
1 65
1 45
1 22
0 95
1 76
0 68
1 3
0 65
1 79
1 24
0 99
0 63
1 31
0 24
0 31
0 3
0 85
0 62
0 15
1 62
1 77
0 79
1 4
0 45
1 93
0 39
0 64
0 81
1 85
0 93
1 52
0 52
1 52
0 52
0 85
1 8
0 7
1 67
0 61
0 62
1 30
0 8
0 74
0 77
0 67
0 30
1 8
0 76
0 57
1 83
0 8
0 83
1 60
1 27
1 98
1 23
1 36
0 22
1 20
0 36
1 62
1 88
1 61
0 23
1 96
0 60
1 79
1 48
1 30
0 79
1 53
0 30
1 90
1 74
0 48
0 61
1 30
1 57
1 11
1 29
0 96
0 74
1 55
0 29
1 71
1 24
1 31
1 91
1 14
1 80
1 87
0 30
1 58
1 89
1 92
1 1
1 99
0 58
1 26
1 83
1 52
1 6
1 63
0 63
1 40
1 49
0 1
0 92
1 72
1 64
0 91
1 35
1 73
1 85
1 56
0 49
1 25
0 87
1 87
1 100
1 17
0 87
0 85
0 57
0 90
0 55
1 57
0 89
1 74
0 73
0 24
0 27
1 10
0 80
1 27
0 62
0 14
1 7
1 48
0 72
0 40
1 77
1 69
1 86
0 98
0 64
1 16
1 22
1 54
0 56
0 99
1 63
0 7
0 26
0 57
0 20
0 6
0 22
1 75
1 30
1 22
1 93
0 52
0 16
1 16
1 87
0 25
0 48
1 8
0 83
1 83
1 28
1 89
1 38
1 21
0 4
0 11
1 98
0 88
1 2
0 77
0 71
1 47
1 9
0 30
0 93
0 75
1 59
0 22
0 10
0 28
1 76
1 20
0 9
0 74
1 61
1 3
1 94
0 83
0 21
1 77
1 91
0 2
1 60
0 3
1 73
1 7
0 60
0 54
0 100
1 18
0 35
1 92
0 94
1 33
1 29
1 56
0 47
1 96
1 2
1 78
0 87
1 100
1 30
0 61
1 15
1 35
1 71
1 23
0 2
1 49
1 80
1 97
1 24
0 35
0 53
1 99
0 17
1 45
0 16
1 74
1 32
1 79
0 59
0 92
0 32
0 8
1 57
0 99
0 74
0 97
0 76
0 20
0 78
1 94
0 96
1 54
0 54
1 28
0 31
1 83
0 100
0 28
1 9
0 63
1 70
1 58
0 94
0 56
0 77
0 9
1 17
1 31
1 19
0 57
1 21
0 24
1 74
1 34
1 46
1 8
0 7
0 30
1 90
1 51
0 58
1 30
1 20
1 72
0 20
1 88
0 31
0 19
0 17
0 88
1 14
1 4
1 76
1 19
1 2
0 83
0 15
1 47
1 7
0 74
0 72
1 48
0 48
1 39
1 24
1 9
0 30
0 89
1 89
1 15
0 24
0 29
0 33
1 96
0 49
0 8
0 23
0 9
1 94
1 8
1 64
0 80
0 2
0 51
0 76
0 39
0 71
1 66
0 89
1 87
1 95
0 45
0 64
1 20
0 15
0 86
1 53
1 37
0 94
1 56
1 59
1 62
1 51
1 17
1 45
0 4
0 46
0 95
0 20
1 54
1 30
1 58
1 32
1 82
0 96
0 53
0 30
1 42
1 52
0 90
0 14
1 55
1 31
0 21
1 24
1 86
1 57
0 38
0 19
0 34
0 91
1 50
0 86
0 27
0 31
0 47
0 79
0 45
1 71
1 64
0 17
0 62
1 77
0 56
1 94
0 18
1 60
1 18
0 87
0 60
1 90
0 66
1 22
1 38
0 32
1 28
1 78
1 39
1 84
1 72
0 72
1 3
1 40
1 74
1 76
1 61
1 10
1 80
1 25
1 53
1 97
1 1
1 9
0 59
0 78
0 25
0 7
1 99
0 70
1 72
1 13
1 31
1 41
1 23
0 28
0 90
1 59
1 43
0 61
1 11
0 53
1 96
1 33
1 91
1 95
1 4
0 38
0 18
1 87
0 10
1 60
0 31
1 32
0 54
1 2
0 71
1 44
1 34
1 100
1 25
1 86
1 61
1 5
1 7
1 6
0 37
0 86
1 10
0 34
1 38
1 45
1 37
0 24
1 66
1 62
1 12
1 54
1 53
0 96
0 80
1 93
0 99
1 29
1 63
1 56
0 66
0 37
0 51
0 74
0 1
1 78
0 7
1 7
0 55
0 40
1 36
0 36
1 46
0 33
1 28
0 3
1 40
1 96
0 13
1 79
1 65
0 52
1 47
1 51
0 69
0 57
1 99
1 19
0 42
1 42
1 92
0 78
1 88
0 8
1 66
1 67
1 78
1 1
0 44
0 53
1 13
1 53
1 3
0 72
0 28
1 85
0 64
0 96
1 75
1 55
0 42
1 8
1 68
0 46
0 10
1 80
0 61
0 55
0 99
0 92
0 40
1 69
1 61
1 52
0 66
1 99
1 70
0 53
0 56
1 10
0 67
1 86
0 43
0 11
0 22
1 11
1 37
1 89
1 26
1 96
1 20
0 89
0 95
0 84
1 67
1 64
0 39
1 14
1 81
0 2
1 16
0 91
1 89
0 60
0 16
1 2
0 70
0 4
1 60
1 4
1 53
1 70
0 10
0 88
1 40
1 55
0 1
0 64
