1000
1 29
1 17
1 15
1 87
0 87
0 29
1 18
0 15
1 86
1 53
0 53
0 17
0 18
0 86
1 89
1 86
1 8
1 44
0 86
1 22
1 94
1 95
1 39
0 44
0 89
1 75
1 41
0 22
1 42
1 90
1 13
0 8
1 72
0 13
1 96
1 67
1 66
0 94
1 71
0 66
0 39
1 31
0 71
0 95
1 36
1 43
0 36
1 11
0 43
1 73
0 41
1 48
1 97
1 19
1 32
0 90
1 6
1 64
1 40
0 64
0 96
1 33
1 34
0 11
1 96
0 32
1 32
1 30
1 76
0 76
0 33
0 96
0 32
1 86
1 26
1 49
0 67
0 19
1 61
1 8
1 74
1 32
1 25
0 26
0 34
1 62
1 22
0 74
0 22
0 72
0 40
0 75
0 86
1 3
1 7
0 61
0 62
0 30
1 40
1 62
0 97
1 78
1 71
0 40
0 78
0 71
0 42
1 9
0 8
1 81
1 33
0 25
0 31
1 38
0 49
1 94
1 78
0 38
0 81
1 74
1 91
0 94
0 7
1 88
1 94
1 100
1 67
1 29
1 50
1 28
1 63
1 75
1 95
1 45
1 66
1 46
1 40
1 79
0 3
0 6
0 67
1 86
0 45
0 28
0 66
1 92
0 46
1 76
1 21
1 55
1 16
0 74
0 94
1 64
0 100
0 50
0 62
1 54
0 64
0 78
0 95
1 22
1 17
0 17
0 86
1 70
0 75
1 11
0 29
0 92
0 88
1 57
0 11
1 30
1 81
0 48
1 18
0 76
1 28
1 64
0 40
0 57
0 54
0 32
0 16
1 98
1 34
1 48
0 9
0 70
1 2
1 61
0 64
0 98
0 34
1 87
1 10
1 60
1 78
1 56
0 79
1 19
0 63
0 73
0 21
1 5
1 99
1 84
1 50
0 18
0 30
0 81
0 55
0 87
0 19
1 82
0 56
0 99
1 27
0 48
1 47
1 11
1 88
1 94
1 95
1 76
0 33
1 25
1 77
0 47
1 51
1 31
0 11
0 94
0 88
0 5
1 69
0 22
1 18
1 100
1 66
1 75
0 50
0 100
0 60
1 3
0 31
1 46
0 76
0 2
1 2
0 27
1 79
1 30
1 65
1 38
0 30
1 68
0 38
1 97
1 39
0 75
0 95
1 34
0 2
1 59
1 76
1 40
0 39
0 40
0 78
0 59
1 37
0 77
1 57
0 66
0 51
0 82
0 79
0 65
1 94
0 68
0 37
0 91
0 69
1 56
1 64
0 10
0 3
1 62
1 11
1 88
1 9
1 48
1 98
0 64
1 31
0 57
1 43
0 98
0 34
0 94
1 4
0 61
1 67
0 48
1 49
0 67
1 47
1 16
1 61
0 11
1 32
0 56
1 78
0 46
1 17
0 17
1 77
0 62
0 97
0 47
1 33
0 31
0 9
0 43
0 4
1 26
1 37
1 97
1 89
1 34
1 98
1 56
1 9
1 39
0 16
0 76
1 65
0 88
0 37
1 68
0 49
1 79
1 74
0 28
1 48
0 84
1 99
0 89
0 74
1 27
1 63
1 82
0 82
1 69
0 98
0 56
0 18
0 39
0 32
0 48
1 23
0 78
1 62
0 62
0 34
0 33
0 27
0 26
1 31
1 17
0 31
0 9
1 71
1 20
0 65
0 25
0 77
1 66
0 99
0 61
0 68
0 66
0 97
1 32
1 19
0 17
0 69
0 71
1 52
0 20
0 32
0 19
0 23
1 93
1 92
0 92
0 79
1 91
1 40
0 91
1 44
1 76
0 63
1 98
1 77
0 40
1 59
0 93
0 76
1 87
1 8
0 87
0 59
0 77
0 98
1 4
0 52
1 32
0 32
1 59
1 97
0 44
1 67
0 67
0 4
1 60
1 42
0 60
0 97
0 42
1 44
1 38
1 93
1 21
0 59
1 90
1 13
1 45
1 6
0 44
0 38
1 74
0 8
0 21
1 46
1 64
0 13
1 80
1 40
1 15
0 15
0 93
1 77
0 74
0 45
0 6
1 19
0 77
1 92
1 95
0 46
1 22
1 30
1 9
1 91
1 11
0 95
1 96
0 92
0 40
0 64
1 44
0 80
1 28
0 96
0 19
0 44
0 91
1 14
1 23
1 100
0 9
0 14
0 11
1 79
1 8
1 70
0 8
0 28
0 70
0 79
0 90
0 22
1 35
0 100
1 13
0 13
0 35
1 52
1 56
1 24
0 24
1 32
0 32
0 23
0 56
0 52
0 30
1 58
1 19
0 19
0 58
1 4
1 46
0 4
1 22
0 46
0 22
1 88
0 88
1 41
0 41
1 19
1 41
0 19
0 41
1 13
0 13
1 33
1 57
1 46
0 33
0 57
1 15
1 30
1 6
1 52
1 40
0 6
0 30
1 31
1 47
0 31
1 39
1 79
1 31
0 47
0 31
0 52
1 60
0 46
0 15
1 14
1 30
1 45
0 40
0 79
0 30
0 45
0 60
1 20
1 94
1 72
0 94
1 25
1 61
0 61
0 39
0 20
0 72
1 97
1 15
0 25
1 50
1 57
1 3
1 35
1 34
0 57
1 21
1 6
1 98
0 34
1 4
1 9
0 4
0 97
1 70
1 12
1 23
0 14
0 21
0 3
0 98
1 38
1 26
1 20
0 23
1 84
1 99
1 21
0 20
1 31
0 21
0 15
1 47
1 48
0 6
0 38
1 66
1 93
0 35
1 62
1 74
1 68
0 12
0 93
1 97
1 11
1 33
1 78
1 10
0 11
0 48
0 68
1 79
0 66
0 74
0 79
0 84
1 5
0 5
1 61
1 17
0 31
1 14
1 48
1 71
0 9
1 11
1 95
1 46
1 31
0 61
0 95
0 46
1 42
1 19
1 81
1 94
1 82
0 99
1 63
1 20
1 79
1 21
1 51
0 78
1 4
1 34
1 66
1 100
1 12
1 3
0 3
0 14
1 80
0 17
0 51
0 48
1 65
0 26
0 12
0 19
1 85
0 50
0 79
1 7
0 66
0 85
0 42
1 87
0 11
0 21
0 71
0 7
1 13
1 49
0 34
0 33
1 54
0 20
1 1
0 65
0 4
0 54
1 23
0 10
1 61
0 23
0 97
0 49
0 94
1 69
0 31
0 69
1 95
1 39
0 62
1 96
0 39
0 81
0 1
1 36
1 81
0 100
0 63
1 97
1 88
1 92
0 13
1 20
1 34
1 62
1 89
0 92
0 36
0 81
1 58
0 20
0 89
1 27
0 62
1 83
1 31
1 7
0 97
0 95
0 31
1 8
1 14
1 60
1 37
1 36
1 91
0 91
1 59
0 96
1 96
1 38
1 4
0 38
1 19
0 87
0 59
1 90
1 3
0 36
0 19
1 79
0 61
0 90
0 4
0 82
1 69
0 3
0 37
1 31
1 19
1 81
0 31
0 47
1 94
1 45
0 14
0 8
1 99
1 43
0 94
1 82
0 81
0 79
0 58
1 97
0 19
0 7
0 80
1 73
0 83
1 24
1 64
0 73
0 27
0 82
0 45
0 99
0 97
1 89
1 54
1 40
1 53
1 16
0 88
0 24
0 43
0 54
0 64
0 16
1 41
0 89
0 69
0 96
1 67
0 34
0 53
0 70
1 81
1 76
0 81
0 60
1 42
1 54
0 41
0 76
0 40
1 82
0 67
1 45
0 54
0 82
0 42
1 12
0 12
0 45
1 94
0 94
1 57
1 35
1 89
0 89
1 36
0 36
1 6
1 96
0 6
0 35
0 57
0 96
1 78
1 43
1 31
0 78
1 60
0 43
0 31
0 60
1 54
1 14
0 14
1 79
1 10
0 79
1 68
0 54
0 10
1 75
0 68
0 75
1 4
1 21
1 87
1 9
0 9
1 86
0 4
1 22
1 46
1 90
0 22
0 86
0 90
0 46
1 81
0 21
0 81
1 51
0 51
0 87
1 59
1 3
1 95
0 95
0 3
1 17
1 53
0 59
0 53
1 50
0 17
0 50
1 69
1 1
0 1
1 61
0 69
1 59
1 13
0 13
0 61
1 84
1 33
0 33
0 59
0 84
1 55
0 55
1 63
1 41
0 41
0 63
1 16
0 16
1 56
1 77
0 56
0 77
1 66
1 68
0 68
1 73
0 66
0 73
1 96
1 43
1 64
1 13
1 62
0 43
1 87
1 56
1 24
1 5
0 13
1 74
0 62
1 46
1 19
1 99
0 56
1 20
1 13
0 64
1 50
1 48
1 84
1 21
1 90
0 84
1 43
0 99
0 20
1 97
0 87
0 50
0 13
0 5
0 21
0 90
1 98
0 46
1 90
0 48
1 94
0 96
1 72
1 42
0 72
0 97
0 98
1 55
0 94
0 19
0 43
0 74
0 55
1 91
0 24
0 91
0 90
0 42
1 7
0 7
1 81
0 81
1 77
0 77
1 37
1 49
