1000
1 97
0 97
1 8
0 8
1 72
0 72
1 7
1 4
0 4
0 7
1 51
1 75
1 22
1 15
1 65
0 65
1 40
0 22
0 15
1 21
0 51
1 8
0 40
1 54
0 8
0 75
1 13
1 83
0 54
1 55
1 29
1 65
1 7
1 15
0 7
1 30
0 21
1 59
1 22
0 15
1 18
0 22
1 67
1 73
0 30
1 39
0 18
0 83
1 53
0 55
1 45
0 53
0 67
0 45
0 29
0 65
0 13
0 73
0 59
0 39
1 56
1 11
1 12
1 76
0 11
0 56
0 76
1 76
0 12
1 85
0 76
1 38
1 32
0 32
0 38
1 14
1 82
1 77
1 52
0 85
0 77
1 61
1 99
0 99
0 82
1 49
1 16
1 67
0 49
1 53
0 53
0 14
0 52
0 67
0 61
1 57
0 16
0 57
1 78
1 9
0 9
1 79
0 79
0 78
1 80
1 6
0 6
0 80
1 48
1 52
0 48
0 52
1 40
1 67
1 81
0 67
1 96
1 43
0 43
0 81
1 84
1 14
0 96
0 40
1 100
0 84
0 100
1 89
0 89
1 62
1 91
0 91
1 73
1 94
0 94
1 23
1 74
1 91
1 4
1 36
1 71
1 12
0 91
1 90
0 23
1 34
1 2
1 22
0 22
0 34
0 2
0 36
1 22
0 22
0 73
0 4
1 16
0 16
0 71
0 12
1 77
1 23
1 75
1 49
0 90
0 14
0 23
0 77
0 49
0 75
1 37
0 37
1 4
0 74
1 61
0 62
1 54
0 4
1 93
0 61
1 9
0 54
0 9
0 93
1 82
1 89
0 89
1 32
1 52
1 1
0 1
1 33
0 33
0 82
1 74
1 53
1 81
0 74
1 21
1 88
1 55
0 52
1 66
1 69
0 55
0 32
0 69
0 66
0 88
0 21
0 53
0 81
1 90
0 90
1 74
0 74
1 78
1 97
1 38
1 47
0 78
1 87
0 97
0 87
1 63
0 47
1 75
0 75
0 38
0 63
1 24
1 9
0 9
1 1
1 23
0 24
1 75
1 27
1 46
1 76
1 56
1 93
1 65
1 70
0 70
0 56
0 65
1 49
1 39
1 72
0 72
1 55
0 93
0 76
1 79
0 55
1 17
1 85
0 46
1 60
1 84
0 79
0 60
0 1
1 62
0 39
0 23
1 41
0 27
0 85
1 20
0 49
1 64
0 75
0 64
1 81
0 20
0 62
0 81
0 84
0 17
0 41
1 60
1 26
0 26
1 64
1 61
0 60
0 61
1 86
0 64
1 74
0 86
0 74
1 13
1 51
0 51
0 13
1 55
0 55
1 70
0 70
1 11
0 11
1 71
0 71
1 12
1 9
0 12
0 9
1 41
1 55
1 24
0 24
0 55
1 66
1 87
0 66
0 41
0 87
1 77
1 91
1 1
1 72
1 93
1 99
1 34
0 91
0 99
1 2
1 32
0 2
0 93
0 34
1 89
1 10
1 4
1 63
0 72
0 4
1 46
1 8
1 57
0 10
0 32
1 44
1 12
1 21
0 21
1 62
1 85
0 77
0 1
1 95
1 93
1 64
1 73
1 61
1 94
0 89
0 61
1 4
1 65
0 44
1 29
0 73
0 57
0 46
0 64
1 77
1 43
0 4
1 22
1 88
1 33
1 34
1 51
0 22
1 36
0 34
1 75
0 65
1 70
0 29
1 9
0 77
1 60
1 96
0 60
1 58
0 8
1 18
1 31
1 40
1 77
1 68
0 95
1 97
1 19
0 63
0 31
1 59
1 49
0 88
1 34
0 62
1 54
0 12
1 29
0 59
0 19
1 4
0 36
1 55
0 75
1 63
0 77
1 41
0 85
0 58
0 63
1 44
1 65
1 88
0 18
0 54
1 5
1 58
1 26
0 4
0 41
0 94
1 69
1 61
1 98
1 16
1 78
1 71
0 16
0 96
0 55
0 26
1 35
0 88
0 5
1 66
1 59
0 93
0 35
0 61
0 44
0 33
1 89
0 78
0 71
0 51
0 58
1 10
0 89
0 49
1 77
0 59
1 62
1 84
1 31
1 8
0 9
1 59
0 65
1 24
1 35
1 99
0 68
0 8
0 59
0 98
1 73
1 100
1 36
1 41
0 66
1 71
0 99
1 37
1 20
1 13
1 6
1 78
0 37
0 13
0 35
1 55
1 8
1 67
1 4
0 6
0 77
0 29
0 40
1 79
1 61
1 80
1 90
1 89
1 72
0 62
0 55
0 79
1 5
0 20
1 13
1 12
0 84
0 13
1 66
1 30
0 12
0 5
1 54
1 39
1 74
0 67
1 88
1 75
0 39
1 28
0 28
0 43
0 80
0 41
1 23
0 100
0 30
0 10
1 16
0 75
0 24
1 43
0 72
1 95
0 95
0 78
0 88
1 45
1 17
0 36
0 70
1 92
0 97
1 99
1 36
0 23
1 9
1 86
1 19
1 48
1 94
0 66
0 74
1 100
0 90
0 69
1 15
1 37
0 9
0 61
0 89
1 46
1 11
1 61
0 4
1 1
0 15
0 45
0 8
0 48
1 81
0 46
0 16
0 71
0 54
1 91
0 73
0 92
1 29
1 16
1 20
1 32
0 16
0 37
0 31
1 74
1 96
0 20
1 28
0 74
0 100
1 50
0 43
1 88
0 11
1 38
0 96
1 68
0 36
0 88
1 66
1 92
1 18
1 40
0 68
0 1
0 61
1 2
0 94
0 18
0 2
1 33
0 33
1 37
1 7
0 81
1 59
0 40
0 91
0 29
0 28
1 33
0 33
1 39
0 7
1 6
1 71
1 65
0 65
1 73
0 99
1 18
0 37
1 46
0 6
0 39
0 73
1 51
0 17
0 59
0 19
0 51
0 32
0 18
1 36
0 34
0 71
1 59
0 38
0 86
1 58
0 58
1 20
1 49
0 59
1 41
0 50
1 50
0 46
1 81
0 41
0 50
1 85
1 99
1 77
1 19
1 41
0 49
1 98
1 72
1 62
1 91
1 37
0 77
1 75
0 41
1 64
1 68
0 91
0 37
0 99
0 85
0 19
0 98
0 66
0 68
1 100
1 49
1 47
1 46
1 63
0 72
0 20
0 81
0 64
0 47
1 86
1 91
1 90
0 91
0 36
0 86
1 2
1 60
0 100
0 46
1 29
1 72
1 17
1 16
0 72
0 49
0 63
0 92
0 2
0 75
1 63
1 70
1 78
1 30
0 70
0 16
1 97
1 32
1 47
1 5
1 92
0 90
0 60
1 18
1 94
1 55
1 58
1 49
0 63
0 62
0 94
0 18
1 14
1 48
0 14
0 55
1 35
0 35
0 92
0 29
0 97
0 5
1 74
0 48
0 47
1 79
1 85
1 91
0 49
1 27
0 30
0 85
1 96
0 91
0 74
1 92
0 32
1 80
0 17
1 7
1 81
1 16
0 81
1 31
1 51
0 7
1 81
0 78
0 81
1 64
1 63
1 66
1 5
1 68
1 71
0 58
1 39
0 51
0 96
0 16
1 3
0 66
0 92
1 2
1 65
0 3
1 50
1 70
0 64
0 5
1 66
1 72
1 40
1 93
0 72
1 20
1 8
1 37
0 66
0 27
0 39
1 76
1 86
0 76
0 86
1 64
1 9
1 11
0 71
0 70
1 13
1 22
1 42
1 5
0 79
0 31
0 20
0 37
0 22
1 52
1 69
1 10
0 40
1 4
0 69
1 3
0 65
1 96
1 81
1 69
0 63
0 81
0 9
0 13
1 78
0 96
0 3
0 2
0 4
1 45
0 11
1 7
0 42
0 52
0 80
1 16
1 29
0 50
0 68
0 16
1 3
0 78
0 8
1 8
0 45
1 68
1 6
1 65
0 68
1 41
0 7
0 6
1 80
1 9
0 69
1 15
0 9
1 43
0 3
1 21
0 80
0 65
0 41
1 57
1 3
1 12
0 21
1 4
1 9
1 59
0 8
1 70
0 12
1 75
1 47
1 94
0 43
1 89
0 10
1 39
0 70
0 29
0 47
0 39
1 26
1 12
1 24
0 4
0 89
0 3
1 90
0 75
0 9
1 52
0 94
1 32
1 13
1 73
1 17
0 24
0 73
1 33
1 53
1 91
0 57
1 38
1 71
1 97
0 32
0 97
1 18
0 59
0 91
1 78
1 99
0 53
0 12
0 64
0 5
0 17
1 63
0 78
0 15
1 3
0 33
0 71
0 63
1 49
1 91
1 67
1 83
0 38
0 83
0 52
1 5
1 76
1 55
0 18
0 13
1 64
0 91
0 90
1 30
0 3
1 42
0 42
0 93
0 30
0 67
0 5
0 64
1 12
0 26
1 44
1 90
0 55
1 97
0 76
0 97
0 99
0 49
1 58
0 12
0 44
0 58
0 90
1 79
1 76
1 51
1 27
1 49
0 76
1 48
1 52
1 22
1 15
1 12
0 27
