1000
1 72
0 72
1 65
1 69
1 2
1 56
1 6
0 6
1 93
1 66
0 65
1 35
1 29
0 69
1 30
1 53
0 93
1 77
0 35
0 29
1 39
0 66
0 2
0 77
0 30
1 23
0 53
1 50
0 50
0 23
1 31
1 59
0 39
0 59
1 79
0 56
0 79
1 96
1 42
0 31
1 92
1 72
1 49
1 14
0 92
0 72
0 96
1 75
1 80
1 100
1 33
1 27
1 11
1 69
1 74
0 27
0 14
1 1
0 33
1 58
0 80
1 50
0 42
1 79
1 14
1 91
1 37
1 34
1 21
0 91
1 81
1 70
0 1
1 73
1 76
0 37
0 70
1 27
1 23
0 81
1 37
1 84
1 80
1 94
1 85
0 76
1 51
0 11
0 51
0 75
0 80
0 14
0 27
1 72
0 84
1 90
0 69
0 90
1 33
1 63
1 67
0 34
0 100
1 44
1 24
1 7
1 68
1 88
0 58
1 54
1 60
1 80
1 25
1 75
1 61
1 12
1 89
0 12
0 24
1 29
0 44
1 28
0 61
0 75
1 75
1 76
0 63
0 37
1 71
1 27
0 89
1 51
0 28
0 27
0 71
1 31
0 54
1 6
1 92
0 23
0 51
1 96
1 17
1 95
0 21
0 29
1 69
0 95
1 26
1 81
0 79
1 10
0 17
1 16
1 42
0 94
1 19
0 7
0 68
1 86
0 74
1 61
0 76
1 39
1 52
0 26
1 21
0 10
1 34
1 97
0 72
0 85
1 87
0 25
0 73
1 17
0 6
0 42
0 50
0 34
0 96
0 75
1 41
0 81
1 12
0 86
1 38
1 18
1 82
0 17
0 12
1 25
1 73
0 38
0 67
1 84
0 39
1 90
1 46
1 20
0 16
0 97
0 31
0 41
1 1
1 2
1 74
0 82
0 25
1 22
1 54
1 91
0 52
1 3
0 87
0 3
1 53
1 86
1 47
0 88
1 34
0 69
0 20
1 67
0 33
1 26
1 20
1 42
0 26
0 46
0 2
1 52
1 69
0 90
0 22
1 70
1 95
0 47
0 84
0 34
0 74
0 73
1 62
1 39
0 80
0 86
1 50
1 16
0 18
0 53
0 92
1 57
0 61
1 92
0 57
1 71
0 92
0 21
1 6
0 60
1 11
1 59
0 67
0 6
0 70
0 95
1 6
1 53
1 92
1 77
1 12
1 57
0 16
1 55
1 40
1 73
1 33
0 69
0 53
0 40
0 42
1 2
0 6
1 43
0 12
0 71
1 21
1 5
0 43
0 55
1 37
1 94
0 77
1 60
0 59
1 93
0 60
1 22
1 64
0 92
1 6
1 60
1 72
0 21
0 2
1 43
1 92
0 33
0 6
1 18
0 1
1 71
0 73
0 64
1 61
0 93
0 50
1 38
1 40
1 67
0 67
1 53
0 43
0 57
0 37
1 6
0 52
0 39
1 73
1 43
0 61
1 39
0 39
1 15
0 71
1 45
0 72
0 54
1 7
0 49
0 7
1 24
0 19
1 46
0 73
1 93
0 11
0 5
0 46
1 95
1 96
1 97
1 5
0 62
1 64
1 54
0 15
1 58
0 40
0 43
1 59
1 57
1 99
0 93
0 45
1 14
1 39
0 95
1 85
1 83
1 19
1 87
0 54
0 92
1 89
1 35
0 64
1 93
0 14
0 58
0 97
1 7
0 59
1 92
0 91
1 50
1 58
0 50
1 40
0 57
1 66
0 35
0 18
1 35
0 35
0 93
0 38
1 75
1 55
0 7
1 95
0 66
1 16
0 92
1 37
0 19
0 39
1 49
1 17
1 92
1 86
1 70
0 40
0 85
1 2
1 61
1 19
0 6
1 8
0 87
1 31
0 61
0 99
0 20
1 84
0 94
0 83
1 9
1 10
1 99
1 82
0 2
1 47
1 50
0 60
0 53
1 87
1 76
0 10
1 83
1 93
1 12
1 74
1 38
1 53
1 51
0 76
0 89
0 86
0 55
0 95
0 53
1 67
1 77
0 51
0 50
1 6
1 39
1 11
1 29
1 95
1 27
1 59
0 58
0 96
1 45
1 89
0 89
0 75
1 51
1 100
1 46
1 26
1 36
0 27
0 29
1 71
0 22
0 87
0 95
0 8
1 98
0 98
0 6
1 62
0 24
1 73
0 99
1 2
0 39
0 100
0 71
1 75
1 32
1 39
0 17
1 29
0 16
0 46
0 31
0 12
1 71
1 57
1 69
0 73
1 14
0 51
1 63
0 19
1 43
0 67
1 64
1 72
1 40
0 70
1 98
0 57
0 63
0 69
1 60
1 41
0 92
1 13
0 93
0 62
0 77
0 14
1 12
1 50
1 85
0 71
0 45
1 94
0 74
0 75
1 35
1 56
1 31
1 99
0 56
1 61
0 9
1 89
0 13
0 61
1 61
0 26
1 95
0 38
1 96
0 5
0 31
0 32
0 61
0 12
0 59
1 90
0 50
1 74
1 34
1 57
0 99
1 79
1 1
0 95
0 90
1 32
0 89
0 43
0 34
1 33
1 26
1 16
1 21
1 42
1 61
0 41
0 83
0 32
1 18
1 97
1 99
1 28
0 21
1 21
1 15
1 23
1 48
1 17
0 1
0 79
0 72
1 31
1 19
1 45
1 46
1 50
0 23
1 87
0 94
1 51
1 59
0 64
0 49
0 39
1 7
0 57
0 18
1 32
1 75
1 55
1 24
0 59
0 74
0 40
0 35
0 75
0 99
0 31
1 89
1 56
1 30
0 84
0 7
1 23
1 73
1 18
1 40
0 32
0 2
0 15
0 28
0 42
0 37
1 52
1 64
0 47
1 20
1 100
1 57
1 41
1 83
1 91
0 55
0 52
0 50
1 22
0 21
1 44
1 81
0 22
0 60
0 73
0 19
1 47
1 88
0 40
1 80
1 31
0 80
1 74
1 75
0 82
1 7
1 77
1 2
0 45
0 64
1 78
1 82
1 49
1 79
0 56
0 61
1 28
0 29
1 25
1 84
0 11
0 81
1 13
1 19
0 82
1 27
0 23
1 34
1 42
0 2
0 41
1 95
1 50
0 46
1 35
1 82
0 19
0 44
1 99
0 82
0 20
1 5
0 87
1 19
0 18
1 80
1 71
0 57
1 76
1 37
1 23
1 59
0 47
0 98
0 59
1 81
0 85
1 38
1 90
0 50
1 82
1 8
1 85
0 89
0 35
1 87
0 49
0 28
1 98
1 22
0 82
1 92
0 81
0 25
0 17
1 70
0 42
0 48
0 77
0 31
1 72
1 77
1 25
1 31
1 1
0 33
1 89
1 35
1 2
1 3
0 1
0 92
1 39
0 99
0 95
1 21
0 38
0 89
1 38
0 13
1 81
0 76
1 1
1 28
0 98
1 67
0 24
0 90
1 86
0 3
0 81
1 49
1 60
0 23
1 81
0 8
1 13
1 33
0 2
1 64
1 89
1 40
0 38
0 26
1 68
0 74
1 98
0 98
1 38
1 47
0 38
0 30
0 33
1 11
1 48
1 20
1 90
0 31
0 48
0 90
1 29
1 45
0 88
0 64
1 8
1 3
0 1
0 27
1 46
0 13
1 69
1 18
1 76
0 7
1 17
0 78
0 81
1 1
0 1
1 56
1 23
0 11
1 42
1 73
1 95
0 87
0 20
1 33
1 38
0 73
0 46
1 53
0 36
1 57
1 4
0 45
0 69
1 87
0 75
1 41
1 75
1 98
1 43
1 99
1 44
0 16
1 52
1 24
1 20
0 77
1 13
1 1
0 75
1 58
1 30
1 81
0 52
1 2
1 45
1 48
1 59
0 28
1 52
0 39
1 88
0 100
0 83
0 8
1 6
1 54
0 40
1 14
1 26
0 51
0 53
0 2
1 83
1 82
0 26
1 61
1 36
0 34
0 99
0 71
0 6
0 38
1 99
0 76
1 62
0 30
0 85
1 85
1 92
1 26
0 3
0 67
0 49
0 17
0 14
0 87
1 87
0 84
0 47
1 90
1 6
1 7
1 17
1 100
0 91
1 49
1 2
0 58
1 8
1 27
0 37
0 68
1 84
1 40
0 72
1 3
1 46
1 37
0 54
0 57
0 49
0 90
1 50
0 85
0 22
0 33
1 30
0 45
0 97
1 39
0 96
1 45
0 3
0 61
0 99
0 62
0 25
1 85
0 4
1 9
0 43
1 90
1 61
1 31
1 12
1 94
0 60
0 31
0 83
0 40
0 100
0 52
0 61
0 98
0 35
0 8
0 20
0 24
1 38
0 39
0 50
0 5
1 3
0 95
1 51
1 54
1 61
1 91
0 80
0 81
0 1
1 97
0 89
1 49
0 27
1 52
0 19
1 19
1 4
1 20
0 59
0 3
0 2
0 56
0 61
0 82
0 46
1 50
0 88
1 93
1 53
1 75
0 79
1 28
0 44
1 71
1 55
1 88
