1000
1 5
1 66
1 45
0 45
1 20
0 66
0 5
0 20
1 21
1 34
1 67
0 21
1 48
0 48
1 51
1 12
0 67
0 12
0 34
0 51
1 11
0 11
1 51
0 51
1 56
1 40
0 56
0 40
1 100
1 26
1 50
0 50
1 48
1 1
0 100
1 83
1 62
0 26
1 97
0 97
1 89
0 89
1 10
0 83
0 62
0 48
1 12
1 62
1 68
1 36
0 12
0 68
1 63
0 36
0 1
0 63
1 43
0 10
0 62
0 43
1 40
1 95
0 40
0 95
1 93
1 13
1 38
1 12
0 93
1 54
0 38
1 66
0 13
1 78
0 66
1 41
0 41
1 34
1 98
0 78
1 97
1 16
0 98
0 97
0 34
0 16
0 12
0 54
1 84
0 84
1 14
1 50
0 50
0 14
1 46
1 31
1 85
1 12
0 46
1 43
0 31
0 43
0 12
0 85
1 45
0 45
1 63
0 63
1 16
1 76
0 76
0 16
1 59
1 33
1 68
1 52
1 6
1 42
1 24
1 21
0 68
1 60
1 66
0 33
0 60
0 52
0 21
1 86
0 86
1 57
1 43
1 30
0 57
1 15
1 61
0 59
0 6
0 15
0 42
1 70
0 66
0 61
1 88
0 30
1 42
1 50
1 69
1 7
1 82
1 20
0 50
1 100
0 20
0 100
0 70
0 88
0 24
0 42
0 7
0 82
1 91
0 91
1 82
0 82
0 69
1 10
0 10
0 43
1 55
1 43
1 84
0 55
1 90
1 49
1 82
1 95
1 80
1 67
1 18
1 96
0 95
1 10
0 49
0 18
1 5
1 25
1 14
0 14
1 11
1 39
0 5
0 82
1 1
0 43
0 25
0 96
0 11
1 48
1 68
0 80
1 26
0 84
1 25
1 85
0 48
0 85
0 26
1 45
0 25
0 1
0 90
0 10
1 65
1 40
1 18
1 1
0 65
0 1
1 74
1 99
0 68
0 99
1 13
0 39
1 24
0 18
1 85
0 40
0 85
0 67
1 58
0 74
0 58
1 42
0 24
1 35
0 42
0 13
1 40
1 60
0 60
1 88
0 35
1 41
0 88
1 76
0 40
0 41
0 76
0 45
1 32
0 32
1 93
0 93
1 80
0 80
1 6
0 6
1 76
1 91
1 48
0 48
0 91
1 14
1 45
1 8
0 45
1 92
0 8
0 14
1 34
1 15
0 34
1 94
0 15
0 76
0 92
0 94
1 22
1 65
0 65
1 80
1 4
0 4
0 22
1 19
0 80
1 16
1 80
1 4
0 16
0 4
1 76
1 35
1 13
1 45
0 80
1 46
1 47
1 29
0 47
0 45
1 11
0 76
0 19
0 13
1 53
1 93
0 93
1 4
0 4
1 92
0 92
0 29
1 4
0 46
1 46
1 76
1 57
0 46
0 53
1 36
0 11
0 57
0 4
0 35
1 9
0 9
0 36
0 76
1 26
0 26
1 81
1 75
1 9
0 9
1 50
0 81
1 11
0 11
1 87
1 83
0 75
0 83
1 79
0 79
0 50
1 68
1 41
1 52
0 68
1 50
1 75
1 70
1 28
1 85
0 87
1 33
1 36
1 45
0 75
0 45
0 70
0 85
1 8
1 90
0 8
1 92
0 41
0 36
1 2
0 52
0 50
0 33
1 78
1 82
1 84
1 53
1 79
1 36
0 53
0 84
1 3
1 58
0 2
1 22
1 56
0 79
1 15
0 15
0 36
0 3
0 28
0 82
0 90
1 93
1 3
0 56
0 3
1 82
0 78
1 81
0 81
1 77
1 7
1 52
0 82
0 93
1 18
0 58
1 12
1 36
0 7
0 22
1 98
0 18
1 48
1 53
0 53
1 14
0 52
1 19
1 49
0 12
0 98
0 14
1 1
0 49
1 60
1 46
1 2
0 46
0 1
1 49
0 49
0 19
0 48
1 30
1 97
1 24
1 93
1 73
0 93
1 20
0 20
1 78
0 78
1 28
1 31
0 92
1 45
0 36
1 62
1 33
0 45
0 28
1 69
1 82
1 98
0 31
1 26
1 11
1 29
0 69
0 29
1 78
0 78
1 95
1 87
1 76
0 2
1 72
0 30
1 61
0 98
1 69
0 26
0 24
0 60
1 37
1 98
0 98
0 82
0 97
0 33
1 96
1 78
1 34
1 63
1 1
0 95
1 65
0 76
0 65
1 99
0 34
0 77
1 100
0 62
0 69
1 42
0 100
0 96
1 57
0 57
1 13
0 13
0 63
0 11
1 86
1 26
0 26
0 37
0 86
0 42
1 65
0 73
1 96
1 82
1 85
0 87
0 96
0 72
1 83
0 78
0 99
1 20
0 83
0 65
1 29
0 85
0 82
1 9
0 1
0 61
0 29
1 83
1 42
1 90
0 42
0 83
0 9
0 90
1 100
0 20
1 42
0 100
0 42
1 33
1 35
0 33
1 51
1 65
1 20
0 35
1 94
1 1
0 94
1 2
0 51
0 20
1 11
1 24
1 93
1 9
1 44
0 2
1 94
1 63
1 30
1 68
0 44
0 24
0 65
0 94
0 11
1 71
1 56
1 26
1 97
0 97
1 16
0 30
0 68
0 93
0 56
1 62
0 26
0 62
1 35
1 53
0 53
0 63
0 16
0 71
1 58
1 51
0 35
1 62
0 51
1 92
0 92
0 62
1 97
1 92
1 2
0 92
1 48
1 70
1 3
0 9
0 70
1 20
1 44
1 41
1 93
0 97
0 20
0 3
1 12
1 100
0 12
1 46
0 44
0 93
0 1
0 48
1 32
0 46
1 45
1 26
0 41
1 59
0 58
0 32
1 50
1 27
0 26
1 49
1 20
0 2
1 14
0 49
0 14
0 50
1 15
0 100
0 27
1 1
0 45
1 62
1 98
1 99
0 99
0 59
0 20
0 62
1 20
0 20
1 78
1 90
0 78
1 50
0 98
0 15
0 50
1 16
1 32
1 64
1 98
0 64
0 1
0 16
1 30
1 68
1 39
1 12
1 22
1 4
0 90
0 30
0 39
0 68
1 68
1 37
1 38
0 98
0 4
1 90
0 22
1 44
1 36
0 32
1 75
0 36
0 37
0 68
1 32
1 57
0 75
1 50
0 57
0 44
1 84
0 12
1 95
1 2
1 87
1 85
1 15
0 95
1 63
1 66
0 85
0 66
1 56
1 34
1 82
0 15
0 87
0 63
0 38
1 73
0 2
1 63
0 34
1 17
0 84
1 43
0 90
0 43
1 62
1 31
0 73
1 98
1 58
1 5
1 27
0 98
1 85
0 56
1 91
1 97
0 58
0 5
0 50
1 99
0 27
0 63
1 61
1 94
1 63
0 63
1 95
0 95
1 86
1 76
1 7
1 87
0 31
1 19
0 17
1 68
1 83
0 62
0 99
0 32
0 76
0 87
1 16
0 97
1 29
0 29
1 6
1 28
0 83
1 30
1 89
0 94
1 8
1 32
0 89
1 39
1 10
1 75
1 3
1 46
0 46
1 67
0 68
1 18
1 23
1 29
0 85
1 13
1 72
1 83
1 84
1 24
1 14
0 23
1 58
1 49
0 7
1 11
0 84
0 8
0 14
0 30
1 14
0 67
0 91
1 47
1 59
1 42
0 49
0 19
1 8
0 16
1 50
0 61
0 24
0 11
1 34
0 18
0 6
0 34
0 58
1 93
1 35
0 14
0 10
1 4
1 1
0 8
1 88
0 47
1 66
1 73
1 89
1 76
0 88
1 47
1 96
1 84
0 4
0 75
0 93
1 60
0 39
1 14
1 65
1 90
0 89
1 88
1 2
0 60
1 67
0 73
0 65
0 72
1 57
0 90
0 50
1 60
0 32
1 79
0 66
0 67
0 29
0 82
0 3
0 59
1 58
0 84
0 1
0 28
1 68
0 79
1 11
1 48
0 14
1 59
0 47
0 88
0 68
0 57
0 13
1 77
0 59
0 76
0 48
0 58
0 35
1 48
1 34
0 48
0 2
1 75
1 31
0 11
0 34
1 72
0 31
1 22
1 76
1 44
1 65
0 72
1 69
0 65
0 86
0 77
1 20
0 60
0 69
1 91
0 22
1 98
0 76
0 96
1 51
1 52
0 42
1 67
0 44
1 47
0 51
0 98
0 52
0 67
1 100
0 83
0 100
0 75
1 92
1 4
0 20
0 92
1 14
0 4
0 91
1 22
0 22
1 78
1 26
1 18
0 14
0 47
0 18
0 26
1 16
1 82
1 5
1 55
1 30
1 28
1 79
0 16
1 100
0 79
1 12
1 37
1 6
1 34
1 79
0 30
0 100
1 54
0 55
0 28
1 69
1 40
1 22
0 78
1 56
0 6
0 69
0 34
1 21
0 12
1 41
1 63
1 76
0 79
1 64
1 61
1 34
1 86
1 100
1 14
0 37
1 92
1 13
0 13
0 56
0 64
0 21
0 40
1 66
