1000
1 44
1 29
0 44
1 57
0 57
0 29
1 36
1 2
0 2
1 66
1 63
0 36
0 63
0 66
1 47
1 75
0 47
0 75
1 74
0 74
1 93
0 93
1 10
0 10
1 11
0 11
1 3
0 3
1 70
1 91
0 91
0 70
1 95
0 95
1 93
0 93
1 76
1 38
1 42
0 76
1 26
1 76
0 42
0 38
1 14
0 26
1 63
0 63
1 87
1 28
0 14
0 76
0 28
0 87
1 49
0 49
1 99
1 13
0 13
1 14
0 14
0 99
1 56
1 99
0 56
0 99
1 56
0 56
1 51
0 51
1 66
0 66
1 91
0 91
1 23
0 23
1 4
0 4
1 31
0 31
1 60
1 76
1 18
0 60
0 18
0 76
1 23
1 97
0 97
1 88
1 89
0 89
1 49
1 56
1 29
1 73
0 88
1 97
0 73
0 56
1 74
0 49
1 75
1 90
1 65
1 56
1 33
1 83
0 23
1 31
0 75
1 9
0 90
1 18
1 84
1 34
0 84
1 96
1 79
1 28
0 29
0 83
0 97
0 74
0 79
1 6
0 33
1 66
0 6
0 31
0 65
0 66
1 24
0 28
1 65
1 33
1 77
0 34
1 81
0 18
0 96
1 99
0 99
0 56
1 36
0 77
1 35
1 26
0 35
0 81
0 65
0 26
0 33
0 24
1 2
0 2
0 36
0 9
1 58
0 58
1 9
1 89
1 61
1 33
0 9
1 25
0 33
1 22
1 64
0 61
1 67
1 2
1 13
0 89
0 67
1 76
0 2
0 25
1 16
1 24
1 84
1 99
0 99
0 64
0 24
1 72
0 76
0 16
1 28
1 18
0 28
0 18
1 4
0 13
0 84
1 71
1 87
1 36
0 36
0 4
0 72
1 36
1 7
1 81
0 71
0 81
0 22
1 46
0 87
1 3
0 7
0 46
1 80
1 71
1 28
0 80
1 76
0 3
0 36
0 28
0 76
0 71
1 76
0 76
1 75
0 75
1 95
0 95
1 75
0 75
1 67
1 80
1 51
0 80
1 18
0 51
0 67
0 18
1 22
0 22
1 79
0 79
1 31
0 31
1 52
1 91
0 52
0 91
1 62
1 28
0 62
1 25
1 98
1 68
0 98
0 25
1 75
1 41
0 68
1 95
1 36
1 48
1 68
1 93
1 5
1 80
1 72
0 5
0 72
1 12
1 2
0 75
0 12
0 95
1 5
1 15
0 15
1 22
0 5
1 53
1 40
1 29
0 53
1 27
0 40
1 76
1 37
0 27
1 31
0 48
0 80
0 37
1 8
1 60
1 69
0 31
0 76
1 23
0 22
1 42
0 68
1 21
0 93
0 60
1 7
1 33
0 23
0 7
1 88
1 100
0 88
1 93
1 67
1 27
1 89
0 29
0 27
0 69
1 18
1 68
0 68
0 28
0 8
1 71
1 86
0 42
0 71
0 18
0 93
1 12
1 59
1 87
0 12
0 59
0 87
0 41
0 21
1 43
0 86
0 67
0 2
0 100
0 89
0 33
0 36
0 43
1 86
0 86
1 85
0 85
1 45
0 45
1 94
0 94
1 57
1 16
0 16
1 70
0 70
1 61
1 34
1 32
1 44
0 32
1 80
0 80
0 44
0 34
1 97
1 26
0 57
0 97
1 66
1 39
0 39
0 66
0 61
0 26
1 89
1 1
1 5
1 91
0 1
0 89
0 91
0 5
1 40
1 30
0 30
1 18
1 85
0 18
1 89
1 84
0 85
0 84
0 40
0 89
1 99
0 99
1 15
0 15
1 23
1 43
1 66
0 43
0 66
1 31
0 23
0 31
1 72
1 100
1 21
1 55
0 55
0 21
0 100
1 93
0 93
0 72
1 60
1 19
1 46
1 82
0 19
1 64
1 95
1 28
1 69
0 64
1 8
1 47
1 64
0 82
0 60
1 99
0 99
0 95
0 69
0 28
1 87
0 64
0 47
1 9
1 82
0 87
1 39
1 71
1 85
0 46
0 82
1 86
0 86
1 23
1 36
0 8
1 87
1 19
0 85
0 87
1 20
0 23
1 79
0 79
1 63
1 76
0 63
0 39
1 62
0 76
1 76
0 62
0 76
0 36
1 72
1 73
0 20
1 34
0 72
1 13
0 71
1 98
1 82
0 34
1 83
1 49
0 73
0 98
0 13
1 50
1 37
0 19
1 69
1 51
1 98
0 98
1 63
0 69
0 37
1 96
0 50
0 49
1 43
1 37
0 37
1 58
0 58
0 9
0 96
0 82
1 57
1 5
0 5
0 83
1 42
1 93
0 42
0 63
0 93
0 43
1 87
1 88
1 5
1 55
1 99
1 27
1 89
1 22
0 87
0 27
0 99
1 77
1 69
0 89
0 5
1 61
0 69
0 57
1 11
1 76
1 89
0 88
0 51
0 61
1 90
0 76
0 90
1 14
0 77
0 11
0 89
0 55
1 12
1 25
0 12
0 25
0 22
1 21
1 43
1 20
0 20
1 100
0 14
1 24
1 71
1 2
1 17
1 67
1 18
0 24
0 21
0 18
1 10
0 10
0 100
1 66
1 70
1 62
0 2
1 59
0 71
1 18
0 59
0 66
0 43
0 67
1 6
0 17
0 62
1 39
1 100
1 46
0 70
0 100
0 46
0 18
0 6
0 39
1 77
1 100
1 73
1 93
0 73
0 77
1 52
1 46
0 52
0 100
0 93
1 69
0 46
0 69
1 62
1 25
0 25
1 35
1 85
1 28
1 6
1 65
1 23
1 17
0 28
0 65
1 7
1 67
1 74
1 18
0 35
1 86
1 84
0 7
1 71
0 71
1 68
1 12
0 67
1 13
1 10
1 70
1 81
1 87
0 62
0 18
1 75
1 48
0 70
0 68
1 55
1 18
0 48
0 10
1 65
1 94
1 71
0 81
0 23
0 75
1 22
1 88
1 53
1 82
0 71
1 21
1 98
1 54
1 5
1 83
1 7
1 71
1 52
0 84
1 61
1 29
0 71
1 79
1 89
1 97
0 29
1 43
0 18
1 95
0 5
1 9
1 84
1 68
0 86
1 44
0 79
1 29
0 21
1 34
1 36
0 53
0 36
1 8
1 21
1 86
1 53
1 30
1 25
1 80
1 20
0 85
0 20
0 12
1 40
0 84
0 25
1 2
0 65
0 8
0 34
0 13
0 21
0 43
1 10
1 99
0 88
1 11
1 41
1 56
1 48
1 84
1 16
1 14
1 88
1 96
0 52
0 17
0 55
1 8
0 30
0 41
1 26
1 36
0 82
1 100
1 91
1 75
0 36
1 92
0 92
1 67
0 97
1 31
1 3
0 2
1 55
1 76
1 24
1 69
1 70
1 52
1 65
0 98
0 69
0 54
1 69
1 90
1 98
0 24
1 77
0 86
0 8
1 24
0 29
1 17
1 25
1 49
0 98
1 20
1 46
1 71
1 33
0 68
1 78
1 72
1 97
0 74
1 85
0 99
1 45
0 100
0 91
1 91
0 14
0 24
0 67
0 78
1 73
1 41
1 64
1 92
1 74
1 93
1 18
0 6
0 85
1 66
0 90
1 85
1 2
1 47
0 11
1 98
1 32
1 50
1 58
1 28
0 58
1 99
1 51
1 54
0 76
1 19
0 69
1 68
1 57
1 62
0 68
1 58
1 59
1 36
0 56
1 23
0 94
1 38
0 83
1 56
0 22
0 25
0 65
0 98
0 40
0 20
0 57
0 77
0 31
1 76
1 24
0 52
1 22
0 93
0 61
1 25
1 5
1 27
0 72
0 24
1 81
1 11
0 2
0 7
0 51
0 3
0 49
0 73
0 18
0 92
0 28
0 38
0 56
1 37
1 100
0 66
1 38
0 41
0 53
1 68
0 54
1 83
1 40
0 48
0 80
1 1
1 24
0 22
0 74
0 71
1 12
0 46
1 78
0 62
0 26
0 83
1 57
1 94
1 86
0 9
0 27
1 90
0 32
0 33
0 78
0 96
1 60
0 85
0 57
0 75
0 10
0 23
0 12
0 90
0 24
0 16
0 95
1 92
1 69
0 58
1 35
0 97
1 82
1 14
0 40
1 13
0 37
1 42
1 93
0 50
1 71
1 34
0 13
0 47
1 79
1 61
0 64
1 67
1 23
1 31
0 17
0 82
0 36
1 62
1 4
1 32
1 78
1 77
1 33
1 24
0 88
0 99
0 24
0 93
1 49
0 33
1 51
0 55
1 56
1 29
1 52
0 84
1 53
0 42
1 80
1 83
0 31
1 33
1 54
1 6
0 56
1 8
1 82
1 50
1 26
0 54
1 55
1 95
1 40
1 20
1 7
1 56
1 84
1 96
0 25
1 65
1 85
1 27
1 36
1 10
1 21
0 52
0 26
0 56
1 63
1 88
0 59
0 19
1 9
0 34
0 7
1 90
0 35
0 5
1 64
1 46
1 97
1 93
0 97
0 70
