1000
1 25
0 25
1 25
0 25
1 30
0 30
1 55
0 55
1 65
1 38
0 38
1 50
1 81
1 63
1 17
1 10
0 10
0 17
0 50
1 30
1 31
1 17
1 2
0 63
1 83
0 83
1 27
1 28
1 73
0 27
1 66
0 73
0 2
1 32
1 85
1 64
1 43
0 31
0 28
1 83
1 31
0 83
0 17
0 64
0 85
1 6
0 66
0 43
1 88
1 59
1 84
1 9
0 9
1 82
1 22
0 30
0 82
0 32
0 88
0 31
1 50
1 60
1 34
0 65
0 50
1 15
1 14
0 22
0 14
0 6
1 86
0 15
1 3
1 46
1 99
0 3
0 60
0 46
0 86
1 85
0 59
0 81
0 34
1 57
0 57
1 94
1 31
0 99
0 85
0 84
0 31
0 94
1 78
0 78
1 97
0 97
1 96
0 96
1 96
1 61
1 3
1 24
1 4
0 3
1 58
0 4
0 24
0 96
1 69
1 40
1 72
0 40
1 38
1 62
0 69
0 62
1 17
1 27
0 72
0 27
0 38
0 17
0 58
1 12
1 63
1 78
0 61
1 93
0 93
0 63
0 12
1 66
0 78
1 75
1 40
1 27
1 16
1 55
1 3
0 75
1 62
1 26
1 85
0 62
0 3
1 13
1 36
1 98
0 27
0 36
1 6
0 13
0 85
1 41
0 66
1 91
1 31
1 14
0 6
1 76
0 26
1 19
1 64
0 41
1 29
1 75
0 14
1 81
0 19
0 29
1 52
0 64
1 28
1 56
0 75
1 82
0 91
1 9
1 97
1 100
0 28
1 71
1 93
1 61
0 9
0 61
1 7
0 76
1 28
0 81
0 55
1 57
1 99
1 90
1 58
0 57
1 38
1 48
1 86
0 16
1 87
0 82
0 86
1 37
1 95
0 56
1 34
0 97
1 47
1 55
1 89
0 34
0 40
1 63
0 7
0 48
1 22
0 58
1 76
1 7
0 31
1 1
0 47
0 98
0 76
0 95
0 71
1 62
0 62
0 37
0 90
1 78
1 24
0 52
0 38
1 14
0 100
1 88
0 87
1 100
1 46
0 7
1 90
0 78
1 87
1 23
0 90
1 43
1 97
0 14
1 15
0 28
0 89
0 88
0 97
1 97
0 15
0 97
0 1
1 21
0 63
1 17
1 86
0 43
0 46
0 55
1 10
1 62
1 15
0 23
0 10
1 49
1 48
0 22
0 21
0 62
0 17
0 86
0 48
0 87
1 12
1 21
1 41
0 99
1 59
1 58
1 74
0 74
0 58
1 30
1 37
0 12
0 59
1 92
0 30
1 77
0 49
0 93
0 77
1 69
1 38
1 72
1 83
1 86
1 73
0 24
1 23
0 69
1 31
1 93
0 72
0 23
0 15
0 86
1 32
0 38
1 77
1 76
0 41
1 34
0 76
0 21
1 72
0 72
1 99
1 55
1 63
1 78
0 77
1 68
0 34
1 42
0 68
0 99
1 17
0 83
0 63
0 92
1 38
1 39
0 93
1 70
1 80
1 20
0 55
1 91
0 42
1 65
0 37
0 100
0 17
1 8
0 78
0 20
1 89
1 41
0 80
1 78
0 73
0 78
0 39
0 65
1 40
1 42
1 67
0 91
0 41
1 68
0 42
0 67
0 70
1 77
0 31
1 17
1 54
0 54
1 99
1 33
0 99
0 33
0 68
0 77
1 39
0 17
0 8
0 32
0 89
0 40
1 74
0 38
1 79
1 72
0 74
0 79
0 39
1 15
0 72
1 93
0 15
0 93
1 51
0 51
1 41
0 41
1 21
0 21
1 30
1 89
0 89
0 30
1 6
0 6
1 62
0 62
1 36
0 36
1 96
1 16
1 38
0 38
1 82
1 39
1 12
1 43
1 17
0 96
1 65
1 50
0 12
1 2
0 17
0 39
1 61
1 7
0 65
1 67
1 26
0 7
1 6
0 6
1 28
1 4
0 28
1 100
1 9
0 9
0 82
0 2
1 83
0 26
1 28
0 28
0 67
0 16
1 18
1 81
1 54
1 69
1 63
1 47
0 47
1 77
1 19
1 78
0 69
0 43
1 6
0 77
0 100
0 50
0 83
0 19
1 69
0 61
1 70
1 96
0 54
1 20
1 73
1 7
1 90
0 78
0 81
1 52
1 97
0 70
0 7
1 92
0 63
1 100
1 83
0 96
0 6
0 90
1 34
1 2
0 20
0 73
0 83
0 100
1 83
0 4
0 52
0 69
0 34
1 56
0 56
1 99
1 84
1 98
1 49
0 99
0 18
0 2
1 27
0 84
1 78
0 92
1 53
1 13
0 13
1 24
0 53
1 50
1 62
0 62
1 72
0 50
1 44
0 49
0 98
0 97
1 54
0 78
0 44
0 24
1 89
1 95
1 88
1 20
0 88
0 27
0 89
0 83
0 72
1 5
1 32
0 32
1 93
0 54
1 88
1 66
1 67
0 66
1 97
0 5
0 97
1 73
0 20
0 88
1 13
0 73
1 44
1 46
0 93
1 4
0 44
0 95
1 17
0 67
1 10
1 60
0 13
1 50
1 96
0 50
0 60
1 88
0 46
0 88
1 36
0 4
0 10
0 36
1 66
0 96
1 63
1 57
1 60
0 66
1 84
0 84
0 60
1 18
0 57
0 63
0 17
1 88
1 89
1 90
0 90
0 18
1 50
0 50
1 90
1 71
0 90
0 71
0 89
1 57
1 53
0 57
1 46
1 71
1 36
0 88
1 34
1 12
1 9
0 46
1 27
1 63
1 85
0 85
1 78
1 94
0 63
1 99
1 13
0 94
1 70
0 71
0 78
0 53
1 60
0 34
1 94
1 46
0 9
1 89
1 14
1 15
0 89
0 70
1 61
1 38
1 66
0 99
1 39
0 12
1 65
0 66
0 14
1 68
0 61
1 29
0 13
0 15
1 43
0 29
0 65
0 94
1 82
0 68
1 37
1 88
1 28
0 36
0 38
1 42
0 88
1 17
0 42
1 86
0 82
1 4
1 29
0 86
0 46
1 49
0 4
0 60
0 43
1 73
0 39
1 96
0 49
1 76
1 48
1 25
1 71
1 86
1 9
0 25
1 10
1 51
0 29
1 13
0 76
1 8
1 57
1 79
1 90
1 87
0 96
0 17
0 37
0 79
1 47
1 66
1 58
0 28
0 48
0 57
1 55
1 49
0 49
1 17
1 59
0 59
0 9
0 17
0 27
0 73
1 41
1 9
1 68
0 41
1 83
0 47
0 68
0 66
0 90
1 77
0 13
1 84
0 10
1 79
0 9
1 56
0 87
1 13
0 79
1 31
1 78
0 31
0 78
1 88
0 51
1 50
1 35
1 4
1 26
1 27
1 61
0 61
0 86
0 56
0 27
1 20
1 21
1 27
0 84
1 78
1 3
1 72
1 9
1 17
1 29
0 50
1 95
0 58
0 9
0 88
0 21
0 20
0 29
0 78
1 10
0 10
0 72
1 90
1 79
0 71
1 96
0 95
1 19
1 54
1 69
1 49
0 19
0 96
1 94
0 55
1 15
0 83
1 14
1 100
0 14
1 78
1 58
1 86
1 64
0 58
0 100
0 78
1 28
1 82
0 4
1 38
1 42
1 78
0 27
1 61
1 80
1 29
0 17
1 30
0 28
0 61
1 44
1 14
1 76
0 14
1 59
0 64
1 70
1 45
0 80
1 63
0 44
0 15
0 69
1 96
1 25
1 87
0 78
1 6
0 35
1 100
1 27
1 56
1 7
0 45
0 3
1 51
0 30
0 8
0 56
0 27
0 26
1 69
1 66
1 23
0 100
1 40
0 82
0 59
0 54
0 90
1 52
0 96
0 7
1 50
1 83
0 42
0 76
0 23
1 26
1 71
0 40
0 25
0 71
1 30
1 71
1 64
0 51
0 66
0 6
1 39
0 86
1 27
0 77
0 26
1 2
0 94
1 16
1 80
1 8
0 83
1 3
0 49
1 59
1 60
1 12
1 21
0 52
0 60
0 50
1 56
0 71
1 4
1 46
1 94
1 7
0 3
0 21
1 28
1 5
0 12
0 16
1 68
0 80
0 38
0 64
1 51
1 1
0 68
1 52
0 51
1 31
0 63
1 89
0 29
1 53
1 29
0 28
1 64
1 40
1 91
1 72
1 54
0 59
0 89
0 91
0 1
1 88
0 88
1 57
0 39
0 70
0 79
0 52
1 47
0 30
1 73
1 82
1 9
1 30
1 20
0 82
0 31
0 7
1 48
1 31
0 4
1 70
0 30
0 46
1 19
1 28
0 28
0 13
0 9
0 19
1 65
1 58
0 69
0 40
0 57
0 73
0 70
1 7
1 37
1 77
1 83
0 7
0 37
1 45
1 9
1 10
1 49
0 56
1 30
1 66
0 65
0 87
0 54
1 56
1 65
0 49
0 72
1 91
1 32
1 85
0 77
0 32
0 20
1 19
1 63
