1000
1 8
1 44
1 39
1 81
0 44
1 94
1 76
1 58
1 91
0 76
1 63
1 1
1 26
0 39
0 58
1 90
1 28
0 28
0 1
1 72
0 90
0 8
0 72
0 91
1 36
1 18
1 16
0 81
0 63
1 66
1 87
1 67
0 66
0 16
0 36
1 93
0 93
1 51
0 51
0 18
0 87
1 24
0 94
1 89
0 89
0 26
1 83
1 47
0 24
1 66
1 92
1 10
1 27
0 10
0 47
0 92
1 37
1 43
0 83
0 43
0 66
1 69
1 56
0 27
0 56
1 46
0 69
0 46
0 67
0 37
1 25
1 33
0 25
1 34
0 33
1 56
1 35
0 35
0 56
1 54
1 70
1 35
1 55
1 92
1 4
0 70
0 54
1 64
1 11
1 46
1 60
1 99
0 4
1 89
1 9
1 42
1 98
0 55
1 1
0 1
1 56
1 90
0 99
1 3
0 89
1 20
1 25
0 92
1 10
0 64
0 11
0 46
0 90
0 25
1 62
1 52
0 62
1 97
1 54
0 10
0 97
1 57
1 58
1 51
1 38
1 50
1 59
0 56
1 73
1 61
0 57
1 10
0 52
1 82
0 61
0 20
1 71
1 93
1 33
0 42
0 98
1 72
0 71
1 20
1 78
0 10
0 38
1 45
0 34
0 54
0 50
1 28
1 64
1 96
1 70
0 70
1 95
0 93
1 36
0 78
1 89
1 57
0 36
0 89
1 47
1 94
0 64
1 56
1 1
1 12
1 13
0 82
1 91
0 91
1 25
1 4
1 10
0 1
0 33
1 67
0 45
1 31
1 52
0 31
1 77
0 13
0 47
1 99
0 73
1 8
0 4
0 58
0 8
0 72
1 49
1 97
1 15
1 47
1 21
0 77
0 15
1 61
1 45
0 95
1 85
0 45
1 86
0 52
1 4
0 67
0 56
0 60
1 80
0 96
1 53
1 98
1 72
1 22
0 10
1 48
1 100
1 18
0 59
0 9
1 54
1 73
0 99
1 13
0 51
0 72
1 40
0 13
1 19
0 94
1 1
0 12
0 3
1 12
1 30
0 20
1 45
0 21
0 22
1 41
0 18
0 28
1 60
1 5
0 80
0 97
1 88
0 85
1 26
0 45
1 7
1 51
1 83
0 53
0 49
0 73
0 61
1 94
1 58
0 41
1 52
0 25
1 16
0 35
0 51
0 12
1 2
0 83
1 3
0 1
1 21
1 93
0 16
0 86
0 57
1 33
1 20
0 20
0 48
0 52
1 36
1 22
1 12
1 6
0 26
0 47
1 67
0 60
0 94
1 86
0 54
1 78
0 4
0 19
0 33
0 100
0 22
1 50
1 13
1 99
1 77
0 13
1 4
0 6
0 99
0 88
0 67
0 40
1 91
0 78
0 93
0 2
0 50
0 86
0 36
0 4
1 79
1 94
0 91
0 77
0 3
1 72
1 69
1 56
1 73
0 12
0 79
1 40
1 41
0 73
0 56
0 7
0 30
0 5
1 37
1 22
0 72
0 22
0 37
1 16
0 16
1 97
0 94
0 41
1 80
1 8
0 58
0 21
1 54
1 68
1 38
0 98
0 69
1 92
1 78
0 68
0 40
0 80
1 82
0 92
1 88
0 88
1 49
1 28
0 38
0 54
0 8
1 33
1 22
0 33
1 21
1 58
0 21
1 37
1 5
0 78
0 28
0 5
1 59
1 55
0 59
1 20
0 58
1 71
0 49
0 55
0 82
0 97
0 20
1 10
1 83
1 86
0 83
1 64
0 71
1 31
1 57
1 29
1 52
1 94
0 10
0 31
0 64
1 12
0 57
0 37
1 19
0 22
0 19
1 76
1 37
1 66
1 28
0 86
1 26
0 76
0 12
0 28
0 52
1 91
1 21
1 92
1 27
0 21
1 5
1 90
0 90
0 37
0 26
1 50
0 92
1 14
1 12
1 19
0 29
1 36
0 5
0 50
1 37
1 98
0 37
0 12
1 2
1 28
0 28
0 94
0 91
1 12
1 100
1 30
0 30
1 1
0 1
0 2
1 13
0 12
1 86
0 27
0 14
1 99
1 16
1 24
1 35
1 12
0 86
1 1
0 35
0 98
0 36
0 99
0 24
0 100
1 95
0 66
0 12
0 13
0 1
0 19
0 95
0 16
1 4
1 14
0 14
1 71
0 71
1 50
1 40
0 4
1 22
0 22
0 50
1 67
1 3
1 4
1 39
1 86
0 39
0 86
1 62
0 40
1 50
0 62
0 67
0 3
0 50
1 19
1 23
1 91
0 23
1 33
0 19
1 78
0 33
1 7
0 4
0 7
1 82
1 38
1 32
0 32
1 32
0 38
1 20
0 82
1 51
0 32
0 91
0 20
1 63
0 78
0 51
1 1
0 1
0 63
1 74
1 10
1 50
0 10
0 50
1 67
0 67
0 74
1 26
0 26
1 3
0 3
1 94
0 94
1 41
0 41
1 72
0 72
1 72
0 72
1 15
0 15
1 6
1 92
0 6
1 18
0 18
1 91
0 92
0 91
1 19
1 11
1 79
0 11
1 61
0 79
0 61
1 51
1 89
0 89
0 51
1 20
0 19
0 20
1 46
0 46
1 63
1 43
0 63
1 99
1 65
0 43
0 99
0 65
1 37
1 45
0 37
1 97
0 97
1 97
1 100
1 68
0 45
0 100
1 9
0 97
0 9
1 25
1 80
1 1
1 64
1 27
0 1
0 80
0 25
0 64
1 75
1 37
0 75
1 85
0 85
0 27
1 83
1 54
1 45
1 47
0 37
1 77
0 47
1 4
1 72
1 49
0 54
1 13
0 45
0 4
1 69
1 55
0 72
1 25
0 49
0 68
1 89
0 69
1 18
1 86
0 86
0 25
1 70
0 70
1 23
1 59
1 20
1 44
1 85
1 30
1 40
0 23
1 14
0 40
0 59
1 4
0 55
1 38
0 44
0 18
0 83
1 6
0 4
1 60
1 49
1 82
1 84
0 89
0 60
1 40
1 69
0 30
0 49
0 38
0 40
0 84
1 7
1 8
1 15
0 77
1 99
0 85
0 20
0 13
0 7
0 69
1 78
1 17
0 15
1 98
0 98
1 46
1 65
1 92
0 46
1 18
0 92
1 70
1 83
1 46
0 17
1 9
1 44
1 26
0 78
1 47
1 10
0 9
0 6
1 96
0 99
1 15
1 73
0 47
0 73
1 3
1 56
0 10
0 44
0 3
0 46
1 32
0 15
1 58
0 56
0 70
0 65
0 58
1 40
1 79
1 84
0 82
0 40
1 94
0 79
0 26
1 12
1 53
1 39
0 12
0 83
0 84
0 18
0 39
0 32
0 14
1 32
1 62
1 9
1 16
0 8
1 89
0 16
0 32
0 89
0 53
0 62
1 35
0 96
0 94
0 35
0 9
1 44
0 44
1 50
1 52
1 56
0 56
0 52
1 95
1 6
0 6
1 77
0 95
0 77
0 50
1 72
1 55
0 55
0 72
1 11
1 81
0 81
1 90
1 94
0 90
0 11
0 94
1 23
0 23
1 6
1 80
0 6
0 80
1 85
0 85
1 47
1 14
1 89
1 2
1 18
0 89
1 19
1 36
0 19
1 86
0 2
0 14
0 18
1 68
0 47
1 84
1 25
1 87
0 25
0 86
0 68
0 87
1 83
1 16
0 83
0 16
1 18
0 36
0 84
1 94
1 100
0 94
1 72
0 18
0 100
0 72
1 74
1 54
1 35
0 54
1 97
0 35
0 74
0 97
1 23
1 73
0 23
1 32
0 32
1 92
1 36
0 36
1 4
0 73
0 92
0 4
1 49
1 52
1 15
0 49
0 15
0 52
1 81
1 3
1 24
1 100
0 100
0 3
0 24
1 64
1 7
1 5
1 39
0 7
1 95
0 39
0 5
0 95
0 64
0 81
1 10
1 87
1 46
0 46
0 10
1 23
1 44
1 72
1 31
0 44
1 66
0 87
1 38
0 23
1 53
1 4
0 66
1 5
0 4
1 93
0 72
0 53
1 35
0 35
1 68
1 94
1 42
1 32
1 50
0 5
1 75
1 77
1 13
0 68
1 40
0 50
1 73
0 93
0 38
0 75
0 73
1 50
1 69
0 50
1 33
1 43
0 13
0 69
1 82
0 32
1 32
0 33
1 95
0 42
1 96
1 99
0 31
1 69
1 58
0 32
0 95
1 66
1 83
0 69
0 83
1 15
0 43
0 66
0 99
1 92
0 96
0 77
1 72
0 15
0 82
0 92
0 94
0 40
1 79
1 94
0 58
0 79
0 72
1 60
1 72
1 40
1 50
0 60
0 50
0 94
1 1
1 43
0 40
0 43
1 60
1 88
1 79
1 36
0 72
1 23
1 42
0 36
0 79
0 42
1 51
1 69
0 23
0 51
1 67
0 88
1 19
0 69
0 1
0 60
0 67
1 35
1 30
0 35
0 19
0 30
