1000
1 15
1 12
1 31
1 25
0 25
0 12
1 40
1 24
0 31
0 15
0 40
1 9
1 64
0 64
0 24
0 9
1 24
1 76
1 97
1 69
1 93
1 91
0 93
0 91
0 76
1 67
0 69
0 97
0 24
0 67
1 24
0 24
1 44
0 44
1 94
0 94
1 47
1 22
0 47
1 93
0 93
0 22
1 66
1 43
0 66
1 98
1 36
1 95
0 43
0 95
0 98
1 74
1 75
0 74
1 88
1 78
0 36
1 9
0 9
1 89
1 40
0 88
1 83
1 100
1 63
0 75
0 78
1 43
0 43
1 56
0 100
0 63
0 83
1 33
0 89
1 6
1 53
0 56
1 93
1 52
0 40
1 25
1 97
0 33
0 53
1 63
1 90
0 97
0 93
1 53
0 90
0 25
0 6
0 63
1 73
0 53
1 63
0 52
0 73
0 63
1 91
0 91
1 27
0 27
1 93
1 12
0 93
0 12
1 7
0 7
1 50
0 50
1 24
0 24
1 37
0 37
1 25
0 25
1 55
1 4
1 73
0 55
1 29
1 81
1 75
0 29
1 39
0 81
1 8
0 8
1 93
1 13
0 4
0 39
1 29
0 73
1 77
1 91
0 93
0 77
1 45
0 91
0 29
0 75
1 60
0 60
0 45
0 13
1 90
0 90
1 81
1 98
1 31
1 56
1 48
0 81
0 98
1 73
0 56
0 31
0 48
0 73
1 90
1 55
1 51
1 48
1 52
0 52
0 48
1 76
1 34
0 51
0 55
0 34
1 52
0 90
0 52
0 76
1 31
1 65
1 47
0 31
1 43
0 43
1 30
1 51
1 90
0 90
0 51
1 48
1 67
1 92
0 47
1 89
1 81
1 84
1 53
0 65
1 76
0 84
0 48
0 92
0 81
0 67
0 30
0 53
1 96
1 43
1 28
0 28
0 76
1 71
0 71
1 12
1 56
0 89
1 91
0 91
1 49
0 43
1 84
0 56
1 73
0 84
0 12
1 94
0 49
0 73
1 64
1 30
0 96
0 64
1 69
1 11
0 11
1 95
1 44
0 44
0 69
0 94
1 77
1 36
0 36
0 30
0 77
1 27
1 96
0 95
1 34
0 96
0 34
1 68
0 68
0 27
1 93
0 93
1 77
1 41
0 77
1 50
1 5
0 50
0 5
1 36
0 36
0 41
1 89
0 89
1 68
0 68
1 84
1 20
0 84
0 20
1 63
0 63
1 80
1 65
1 88
1 5
0 88
0 80
1 56
0 56
1 16
1 90
0 90
1 43
0 65
0 5
0 43
1 6
1 29
0 6
1 33
0 29
1 89
1 58
0 33
0 16
1 73
1 90
0 58
0 90
1 29
0 73
0 29
1 54
1 4
1 31
1 62
1 53
1 3
0 62
0 3
0 54
0 89
1 41
0 53
1 70
0 4
1 11
0 11
0 41
1 7
0 7
0 70
0 31
1 86
1 15
0 15
0 86
1 80
0 80
1 71
0 71
1 94
0 94
1 77
1 80
0 80
0 77
1 85
0 85
1 4
1 63
0 63
0 4
1 1
0 1
1 93
1 99
0 93
1 23
1 21
0 99
1 24
1 99
1 97
0 97
1 31
1 48
0 24
1 97
0 48
0 97
1 64
0 21
0 31
0 64
0 99
0 23
1 23
0 23
1 17
0 17
1 35
1 20
0 20
0 35
1 9
0 9
1 37
0 37
1 35
0 35
1 45
1 63
0 45
0 63
1 88
0 88
1 17
0 17
1 34
0 34
1 93
0 93
1 61
1 14
1 46
1 53
1 44
0 53
0 14
0 46
0 44
0 61
1 68
1 11
0 11
0 68
1 10
0 10
1 21
1 90
0 21
1 93
0 93
0 90
1 48
1 77
0 48
1 53
0 77
0 53
1 93
0 93
1 39
0 39
1 2
0 2
1 46
1 47
1 6
0 6
1 13
1 70
1 68
0 70
1 94
0 46
1 95
1 100
1 22
1 64
1 74
1 3
0 100
0 47
0 3
1 61
0 94
0 64
0 74
1 42
1 82
0 61
0 95
0 13
0 22
1 17
1 46
0 46
0 82
1 43
1 88
0 17
1 65
0 42
0 68
1 89
0 43
1 27
0 65
0 27
0 88
0 89
1 62
1 54
0 62
1 19
0 19
1 26
0 54
1 32
1 8
1 86
0 26
0 32
0 8
0 86
1 23
1 64
1 68
0 64
1 12
0 12
0 23
1 39
1 79
1 73
1 97
1 19
0 19
1 5
1 76
1 12
0 68
0 97
1 49
0 49
1 42
0 73
0 39
0 42
1 14
0 5
0 76
1 41
1 67
1 81
0 14
1 48
0 41
0 48
1 58
1 100
0 12
1 9
0 81
0 9
0 58
1 28
0 28
0 79
0 67
1 66
0 66
0 100
1 10
1 24
1 54
1 20
0 10
0 54
0 20
1 83
1 92
0 24
1 93
1 4
0 4
0 92
0 93
1 38
1 8
1 49
0 83
1 19
0 38
0 8
1 55
0 19
0 49
0 55
1 23
0 23
1 29
1 5
1 19
1 81
1 42
0 29
1 93
0 93
0 81
0 19
0 42
1 97
1 28
1 34
1 90
1 47
0 5
1 14
0 90
1 52
0 97
1 41
0 41
1 97
1 15
0 28
0 15
0 52
1 46
1 37
0 46
1 91
0 47
0 34
0 97
0 91
0 37
1 68
1 56
0 68
0 56
0 14
1 27
1 64
1 39
1 91
0 91
0 27
1 44
1 75
0 64
1 46
0 44
0 46
1 44
0 44
0 75
0 39
1 54
0 54
1 79
1 80
0 79
0 80
1 17
1 30
0 17
1 15
1 87
0 30
1 29
0 29
1 57
1 98
0 15
1 63
0 98
1 13
1 16
1 65
0 65
0 63
1 47
1 71
0 57
1 46
0 71
0 16
1 26
1 88
1 38
1 74
1 83
1 19
0 74
0 26
1 32
0 47
0 38
1 69
1 47
0 83
0 87
0 46
1 45
1 73
0 88
0 47
1 84
0 45
1 93
0 93
1 14
1 81
0 84
0 13
1 30
1 26
1 68
0 73
1 21
1 34
0 19
0 30
0 26
1 17
0 14
0 81
1 77
0 69
0 21
0 32
1 65
1 30
0 34
0 30
1 52
0 52
1 66
1 87
0 68
1 52
0 77
0 87
0 65
1 16
1 87
1 26
1 53
0 53
1 100
0 26
1 29
0 16
1 9
1 79
0 9
0 52
1 94
1 28
1 18
1 49
0 87
0 66
1 39
0 100
1 27
1 3
1 20
0 29
1 89
0 18
0 27
0 39
0 3
0 49
0 79
0 28
0 17
0 89
1 89
1 65
0 94
0 20
1 86
1 11
0 89
0 11
0 86
1 48
1 35
0 65
0 48
1 97
1 66
1 82
1 88
0 35
1 99
0 97
0 66
0 82
1 70
1 35
1 48
1 68
0 70
0 48
0 99
0 88
1 80
1 90
1 5
0 68
1 20
1 67
0 67
1 73
1 98
1 69
0 73
1 51
0 80
0 35
0 20
1 66
1 6
0 98
0 5
1 40
1 27
0 90
1 53
0 53
0 66
1 54
0 69
0 6
0 40
0 27
1 27
1 67
0 51
1 83
1 10
0 67
1 85
0 54
1 84
1 43
0 84
1 49
1 24
0 43
0 85
1 66
0 83
1 59
0 66
1 23
1 91
1 60
0 59
1 36
1 29
0 24
0 23
1 57
0 10
1 83
0 36
1 79
0 57
1 5
1 95
1 71
0 71
0 27
1 4
1 23
1 97
1 13
0 49
1 66
1 12
1 34
1 48
1 47
0 66
0 23
1 40
1 28
1 81
1 14
1 77
0 29
1 43
0 97
1 38
1 55
0 5
1 78
1 100
0 43
0 91
1 63
0 34
1 17
0 13
1 21
0 79
1 54
0 14
0 83
0 77
1 49
0 100
0 95
0 28
0 49
0 81
1 10
1 39
0 21
1 49
1 88
0 40
1 50
1 36
1 74
1 27
1 41
0 4
1 42
1 93
0 49
0 12
1 5
0 74
1 94
1 74
0 78
0 41
1 23
0 42
1 37
0 94
1 33
0 17
0 50
1 1
0 39
0 63
0 55
1 9
1 4
0 93
1 45
1 18
1 58
1 71
1 21
0 18
1 61
1 41
1 28
0 38
1 24
0 60
0 45
1 98
0 74
0 24
0 4
0 54
1 97
1 66
0 36
0 10
1 73
0 58
1 2
0 23
1 90
1 72
0 61
0 5
1 38
1 14
1 65
1 61
1 78
1 82
0 72
0 33
0 82
1 42
1 56
1 79
1 54
0 65
0 9
1 67
0 42
0 56
0 38
0 2
1 86
0 78
0 14
0 88
1 38
1 42
0 67
1 94
0 37
1 63
1 51
0 73
0 54
0 48
0 66
0 1
0 47
1 99
1 33
1 15
0 71
1 54
1 62
1 3
0 28
