1000
1 91
1 42
0 42
1 46
1 29
0 91
1 10
1 73
0 29
1 2
1 37
0 73
1 51
1 38
0 37
0 51
0 10
1 78
1 65
1 73
1 50
0 2
1 98
1 45
0 38
1 72
0 65
1 59
0 78
1 85
0 45
1 14
0 85
1 15
1 44
1 51
1 42
0 42
1 23
0 23
0 50
1 35
1 81
1 13
1 50
1 34
0 13
1 40
1 5
1 6
1 37
1 2
0 72
1 39
1 82
1 55
1 16
1 64
1 19
0 16
1 83
1 24
1 75
0 34
0 55
0 46
0 19
1 38
0 51
1 33
1 92
0 75
0 73
1 65
1 32
1 51
0 92
0 33
1 63
1 76
0 15
1 36
1 71
1 41
1 84
0 83
1 78
0 40
1 92
1 96
0 36
1 77
0 51
0 82
1 31
0 31
0 50
0 98
0 5
1 20
0 64
1 42
0 59
1 64
1 91
0 14
0 92
1 94
0 38
1 54
1 43
0 20
1 73
0 32
1 45
1 89
1 40
0 81
0 77
1 66
1 70
1 81
0 70
0 37
0 91
0 89
1 46
1 60
1 93
0 54
0 46
1 68
0 60
1 7
0 43
1 67
1 30
1 18
1 83
0 44
0 35
1 4
0 67
0 63
0 7
1 69
1 53
0 65
1 85
1 99
1 58
0 64
0 6
0 53
0 73
1 51
0 81
0 45
0 99
1 86
0 66
1 43
1 7
0 71
0 69
1 1
1 82
1 20
0 40
1 5
1 47
1 49
0 42
0 4
0 83
1 57
1 69
1 28
0 2
0 78
1 50
1 73
0 39
1 54
1 42
0 42
0 51
0 1
0 93
0 30
1 14
0 47
1 81
0 76
0 14
0 84
1 12
1 100
1 29
0 50
0 28
0 54
0 94
0 57
1 84
1 70
0 86
0 7
0 58
0 43
1 54
0 49
0 12
1 62
0 5
0 20
1 14
1 83
1 86
0 73
0 100
0 69
0 54
1 49
0 81
0 41
0 85
0 86
0 68
0 24
0 62
1 41
1 71
0 18
1 79
0 14
1 47
0 29
1 22
1 15
0 47
1 80
1 42
1 91
1 26
0 70
1 33
1 3
1 28
1 63
1 53
0 33
0 3
0 96
1 97
0 41
0 79
0 22
0 15
0 83
0 63
0 71
1 92
0 49
1 15
0 97
0 91
1 39
1 68
1 16
0 80
1 14
1 90
1 85
1 94
1 17
1 83
0 94
0 17
0 68
0 82
0 90
1 17
1 45
0 92
0 14
0 28
0 42
1 79
1 80
1 69
0 84
0 83
1 73
0 69
1 65
1 56
0 56
1 81
0 79
1 90
1 23
1 83
0 15
1 15
0 80
0 53
1 51
0 39
1 53
1 34
1 91
0 16
1 13
1 35
0 81
0 53
1 69
0 34
1 94
1 72
0 35
0 73
1 99
1 75
1 84
0 91
0 51
1 47
0 17
1 80
0 83
0 69
1 66
0 26
0 15
0 45
0 84
0 90
0 23
1 51
1 31
1 76
0 80
0 94
1 27
1 1
0 13
1 98
1 37
0 1
0 37
1 52
1 40
1 96
1 2
0 72
0 85
1 69
1 67
0 99
1 74
0 47
0 27
0 31
1 81
0 76
1 37
0 65
0 67
1 80
0 2
0 66
1 48
1 53
1 33
1 82
0 80
1 54
1 100
1 76
0 37
1 34
1 66
0 81
1 46
0 98
0 40
0 53
1 77
1 41
1 5
0 54
0 51
0 82
0 100
1 53
0 77
1 49
1 35
1 71
1 81
1 72
0 5
1 23
0 69
1 10
1 17
1 56
1 5
0 35
1 89
0 49
1 73
1 58
0 66
1 94
0 56
0 73
0 52
1 13
1 45
0 33
0 89
1 31
0 34
1 15
1 47
1 49
0 31
0 81
1 98
0 10
1 99
0 71
1 21
0 47
1 66
1 32
1 86
0 23
1 64
0 66
0 74
0 76
1 22
1 37
0 99
0 64
0 49
1 23
0 32
1 79
0 45
0 15
1 20
1 27
1 61
0 20
1 30
0 13
1 2
1 45
0 58
0 79
1 59
0 41
0 53
1 92
0 61
1 32
1 90
1 18
0 59
0 48
1 57
0 32
0 21
1 87
1 99
1 95
1 88
1 47
1 55
1 58
0 86
0 27
0 92
0 90
1 33
0 46
0 99
1 13
0 23
0 45
1 99
0 47
1 93
1 34
1 7
1 31
0 87
1 19
1 35
0 31
0 17
0 35
0 2
0 93
0 5
1 51
0 55
1 91
0 30
1 21
0 33
1 97
1 49
0 51
1 52
0 97
0 91
0 22
1 40
0 34
1 90
0 58
0 72
0 13
1 71
0 99
0 95
0 75
1 31
1 11
0 21
1 39
0 71
0 98
0 37
1 55
0 90
1 20
1 58
1 68
1 44
0 52
1 60
1 82
1 64
0 94
0 39
1 81
1 53
0 55
1 85
1 36
0 88
0 20
1 50
0 64
1 9
0 40
1 22
0 7
0 60
1 55
0 18
1 67
1 72
1 88
0 55
0 53
1 59
0 58
0 59
0 68
0 81
1 83
0 49
1 48
0 88
0 19
1 26
0 72
0 83
1 79
1 61
1 33
1 100
0 36
1 52
1 16
1 12
0 85
0 11
1 32
1 71
0 12
1 74
0 32
1 45
1 98
1 85
0 74
1 30
0 98
0 45
0 96
1 94
1 81
0 50
1 97
0 61
0 67
0 100
1 53
0 22
1 72
0 26
1 18
1 76
0 72
0 31
1 61
1 80
1 27
1 8
1 92
0 52
0 27
1 21
0 94
1 77
1 32
1 62
1 42
0 61
1 49
1 54
0 33
0 77
1 3
0 30
0 80
1 46
1 24
1 13
1 99
1 55
0 85
0 18
1 28
0 9
0 55
0 92
1 83
0 8
1 94
1 20
0 46
1 27
0 28
0 20
0 82
1 68
0 97
1 80
1 31
0 3
0 62
0 83
0 57
1 22
1 18
0 13
0 24
1 12
1 82
1 29
1 23
0 94
1 45
0 54
1 73
0 27
0 53
0 42
1 65
1 30
0 80
1 46
0 76
1 11
0 65
1 50
1 20
0 45
0 50
1 95
0 49
1 97
0 30
0 82
1 37
0 22
1 13
1 59
1 98
1 90
0 73
1 53
1 14
1 80
1 47
1 54
1 42
1 43
1 7
0 97
1 41
0 37
1 45
0 11
1 88
1 65
1 49
0 71
0 81
0 7
1 64
1 58
1 75
0 44
1 96
1 4
1 85
0 99
0 23
1 6
1 26
1 69
1 44
0 13
0 41
1 93
1 66
1 61
0 6
0 42
1 33
1 99
1 10
1 19
1 86
0 49
1 13
0 65
0 85
0 43
0 44
0 95
0 12
1 78
0 32
0 47
0 54
0 46
1 11
0 10
1 81
0 16
1 60
1 95
1 30
0 11
0 90
1 63
0 4
0 61
1 9
0 20
0 30
0 58
1 44
0 14
0 45
1 73
1 74
0 29
0 63
0 69
0 44
0 13
0 66
0 95
0 74
0 48
1 15
0 93
0 59
0 96
0 31
1 27
1 7
0 75
0 98
1 94
0 7
1 51
0 33
0 73
1 96
1 38
1 63
1 34
1 23
0 9
0 15
1 12
0 63
0 18
1 52
0 38
0 86
0 94
1 28
0 12
0 99
1 57
0 64
1 54
1 35
1 47
1 25
0 80
1 97
1 55
1 83
1 90
1 61
0 51
1 29
0 60
1 50
1 75
0 78
1 30
1 51
1 31
0 55
1 24
1 76
0 83
0 25
0 90
0 61
0 68
1 40
0 47
1 55
0 97
1 36
0 35
0 21
0 30
1 22
0 24
0 31
1 8
0 34
1 9
0 22
0 52
0 76
1 43
1 82
0 55
0 88
0 81
1 83
1 71
1 33
0 53
0 83
0 79
1 5
1 25
0 75
1 90
0 26
1 74
1 7
1 91
1 95
0 91
1 34
1 78
0 34
0 57
1 73
0 27
0 74
1 30
0 40
1 42
1 91
1 59
0 25
1 88
0 96
1 45
1 44
0 91
1 87
0 87
1 31
1 91
1 79
1 20
0 9
1 47
1 74
0 71
1 49
1 71
1 55
0 51
0 78
1 10
1 16
1 93
0 45
0 42
1 18
1 62
1 45
0 30
1 81
1 4
0 23
1 14
1 15
1 17
1 99
0 4
1 3
0 73
1 60
0 14
0 91
0 33
1 89
1 73
0 79
1 56
0 89
1 51
0 20
1 75
0 95
1 30
0 51
0 99
1 9
0 50
1 99
1 61
0 55
1 95
1 97
1 11
1 12
0 44
0 17
0 7
1 69
1 42
0 42
1 76
0 54
0 73
0 81
0 8
1 80
0 88
0 15
0 30
0 56
0 18
0 60
1 96
0 75
0 43
0 49
0 99
1 26
0 76
0 16
0 5
