1000
1 95
1 31
1 77
1 96
1 70
1 43
0 95
0 70
1 95
1 1
0 77
0 43
1 70
1 51
1 25
0 25
1 66
0 95
0 1
0 31
0 66
0 70
1 33
1 48
1 76
0 76
1 24
1 47
1 29
1 89
0 33
1 83
1 11
0 11
0 96
1 69
0 83
0 47
1 18
1 28
0 24
1 30
1 23
1 17
1 45
1 42
1 90
1 11
1 47
0 47
0 17
1 49
0 51
1 12
0 23
1 25
0 30
0 90
0 69
1 82
0 28
1 6
1 32
1 33
0 18
0 33
0 29
1 18
1 50
1 8
0 25
0 48
0 82
1 31
1 43
0 11
1 58
0 45
1 37
0 50
1 90
0 32
1 50
1 2
1 100
0 42
0 2
1 81
1 73
1 28
0 58
1 32
1 71
0 100
0 28
0 8
1 82
1 78
0 73
1 69
0 6
0 71
0 18
1 39
1 76
0 89
1 46
0 50
1 55
0 82
1 68
0 55
0 81
1 74
0 12
1 16
1 35
0 76
0 69
1 47
0 43
0 78
1 41
1 34
1 48
0 31
1 83
0 37
0 39
1 86
1 10
0 68
0 49
1 11
0 35
1 31
1 49
0 16
1 89
1 29
1 84
0 84
1 94
1 33
1 62
0 33
0 31
1 35
1 63
1 21
1 77
0 21
1 19
1 5
0 90
1 78
0 35
0 94
1 76
0 76
0 63
0 83
0 5
0 11
0 89
0 74
0 29
1 54
1 27
0 86
1 99
1 74
1 50
0 19
0 99
0 49
1 15
0 74
0 48
1 19
1 83
0 47
1 75
0 83
1 33
0 62
1 51
1 99
0 51
0 10
1 2
0 34
0 77
1 91
0 46
1 55
0 19
0 99
1 79
0 55
1 61
1 47
0 27
1 16
1 59
1 82
1 80
1 52
0 80
1 24
0 32
1 58
0 61
0 54
1 31
1 39
1 5
0 39
1 61
1 53
1 19
1 97
0 53
1 100
1 18
0 19
1 32
0 52
0 31
1 57
1 74
0 50
0 78
1 83
0 18
1 84
1 98
0 61
1 90
0 5
1 34
0 24
0 75
0 59
0 2
0 82
1 59
0 33
1 13
1 44
1 5
0 79
0 90
1 75
0 91
1 17
1 65
1 30
1 79
0 57
1 80
1 63
0 32
0 100
0 75
0 30
1 99
0 59
1 62
1 90
0 84
1 29
0 97
1 22
0 79
0 80
0 83
1 57
1 25
1 23
0 44
0 62
0 29
0 98
0 90
0 74
0 16
0 63
1 83
1 62
0 22
0 62
0 13
0 47
0 17
1 84
1 11
0 84
1 16
0 23
0 65
1 94
1 78
1 66
0 83
0 11
0 57
1 98
0 78
0 41
1 77
1 78
1 1
0 5
1 17
0 99
1 79
1 6
0 94
0 58
1 36
1 67
0 77
0 34
1 80
0 16
0 67
1 44
0 15
1 28
0 66
1 30
0 6
0 25
0 17
1 50
0 98
0 79
0 30
1 54
1 2
1 19
0 1
1 83
1 97
1 12
1 52
0 12
1 25
0 80
1 34
1 3
0 36
0 25
1 57
1 100
0 78
0 2
1 24
0 100
0 44
0 50
1 53
0 34
0 24
0 19
1 72
1 41
1 6
1 15
0 28
1 77
1 87
1 55
1 27
1 84
1 86
0 54
0 3
1 69
0 83
1 100
1 67
0 57
1 70
0 86
1 4
0 4
0 77
0 72
0 67
0 70
1 85
1 42
1 21
0 41
1 98
0 98
1 28
0 69
0 84
0 15
0 27
1 4
1 48
0 52
1 67
0 42
1 1
0 4
1 83
0 83
1 54
1 33
1 93
0 6
1 98
0 53
1 81
1 4
1 60
0 60
0 81
1 68
1 23
1 7
0 97
0 67
1 8
0 33
1 88
0 100
1 19
0 93
1 6
1 39
1 11
1 9
1 79
1 46
0 39
0 8
1 86
0 28
0 9
0 1
0 7
1 72
0 6
0 19
0 98
0 4
1 8
1 89
1 15
0 21
0 79
1 24
1 9
1 90
1 49
0 23
0 87
1 99
0 9
0 86
0 54
1 93
1 63
0 15
0 68
0 93
1 69
1 13
0 46
1 25
0 13
0 85
1 10
0 88
0 72
0 55
1 82
1 19
0 69
0 48
0 25
0 19
1 9
0 8
1 88
0 82
1 20
0 63
0 10
0 9
1 8
0 11
0 90
1 36
1 100
1 90
1 18
0 24
0 90
0 49
0 20
1 19
0 100
1 100
0 18
1 58
0 36
1 69
1 43
0 19
1 27
0 58
0 89
0 100
1 28
1 63
1 59
0 59
0 69
1 29
1 76
1 30
0 63
1 22
0 8
1 77
1 26
0 99
1 91
1 24
0 76
1 78
1 84
1 46
0 88
0 84
0 91
0 43
1 81
0 27
0 22
0 77
1 13
1 33
1 66
0 13
1 100
0 33
0 26
0 28
0 81
0 29
0 46
0 78
1 90
1 84
1 18
1 3
1 17
1 57
0 17
1 63
1 53
0 24
1 28
1 96
0 84
0 100
0 66
1 98
0 3
1 74
0 63
0 74
1 21
1 63
1 39
1 10
1 26
1 85
0 18
0 39
0 53
0 85
0 28
1 20
0 26
0 63
0 96
0 98
0 30
0 57
0 10
0 90
1 71
1 80
0 21
1 17
0 80
1 45
0 20
0 71
1 30
1 100
1 90
1 2
0 30
1 62
0 100
0 17
1 15
1 89
0 89
0 2
0 90
1 7
0 45
0 15
1 89
1 53
1 10
1 31
0 89
1 64
0 10
0 53
0 64
1 90
0 7
0 62
1 93
1 32
0 90
1 6
0 93
0 6
0 32
0 31
1 66
0 66
1 3
0 3
1 95
1 43
1 77
1 45
0 95
1 6
0 45
0 6
0 43
0 77
1 14
1 49
0 14
0 49
1 48
0 48
1 4
1 34
1 52
1 11
0 52
1 28
0 4
1 71
0 28
1 70
1 98
1 4
1 93
1 12
0 71
0 70
0 4
1 3
1 79
0 34
1 24
1 50
0 98
1 99
1 89
0 79
0 12
0 93
0 3
1 80
0 50
0 24
0 11
0 89
0 80
1 61
1 62
1 66
1 23
0 61
0 99
1 33
0 33
0 23
1 73
1 76
1 10
0 66
0 73
0 10
1 58
0 62
1 77
0 77
1 4
1 69
0 76
1 21
1 50
0 21
1 13
1 72
0 50
0 72
1 68
1 31
1 26
0 26
0 68
0 4
1 41
0 31
1 50
1 94
0 41
1 34
0 34
1 35
1 86
1 97
0 35
0 86
0 94
1 74
0 69
0 74
1 39
1 82
1 96
1 49
0 82
0 96
0 50
0 49
1 85
0 39
1 7
1 6
0 7
1 45
0 13
1 92
0 45
1 91
0 91
1 60
1 95
1 40
0 6
1 100
1 65
0 85
1 67
0 92
0 65
0 58
0 60
1 27
0 27
0 40
1 96
1 21
1 16
1 45
1 28
1 84
0 100
0 16
1 58
0 28
0 67
1 26
1 39
0 96
1 77
1 32
1 25
0 84
0 21
1 33
1 91
0 91
0 26
0 45
0 33
1 42
0 58
0 77
0 32
0 97
0 42
1 62
1 45
1 90
1 70
1 93
1 10
1 14
0 93
1 48
1 76
1 96
0 95
1 88
1 81
1 38
1 11
0 48
1 100
0 10
1 12
0 14
0 88
0 12
1 26
1 66
1 1
0 39
0 11
1 37
1 30
1 4
1 46
0 30
1 27
0 90
1 28
1 77
0 76
1 69
0 81
0 25
1 47
0 96
1 87
0 45
1 53
0 37
1 18
1 85
1 56
0 62
1 78
1 82
0 1
0 53
0 78
0 69
0 87
0 38
1 78
1 79
0 4
0 82
0 66
1 36
1 29
0 18
1 22
0 36
1 84
0 29
0 22
0 27
0 26
1 21
1 86
0 70
1 33
1 83
1 20
1 42
0 83
1 71
0 78
0 86
0 33
1 1
0 21
0 47
0 100
1 92
0 85
0 46
0 1
1 52
0 52
1 21
1 24
0 77
0 84
0 71
0 24
0 56
1 58
1 97
0 58
1 70
0 97
0 70
0 42
1 46
1 32
0 32
1 47
0 20
1 31
1 90
1 88
1 57
1 41
1 24
0 79
0 31
1 37
0 28
0 37
0 41
1 73
0 57
0 88
1 12
0 46
0 24
0 47
0 12
0 90
0 73
0 21
1 66
1 50
0 50
1 47
0 47
1 42
0 42
0 66
1 90
0 92
1 98
0 90
0 98
1 72
1 83
0 83
0 72
1 69
0 69
1 5
0 5
1 29
1 70
0 70
1 41
0 41
1 79
0 79
1 96
1 23
0 96
0 29
0 23
1 91
0 91
1 38
1 65
0 38
1 49
0 65
0 49
1 13
0 13
1 94
1 66
1 30
1 37
