1000
1 17
0 17
1 54
0 54
1 6
0 6
1 7
0 7
1 38
0 38
1 66
0 66
1 34
0 34
1 22
0 22
1 89
0 89
1 41
1 91
1 29
0 41
1 14
1 77
0 29
1 74
1 46
0 14
1 76
1 28
0 76
0 74
1 97
1 41
0 91
1 5
1 3
1 100
1 60
1 80
1 26
0 80
0 41
1 85
1 95
0 5
0 85
0 95
0 26
0 46
1 88
0 77
1 89
1 93
1 57
1 38
1 94
1 30
1 70
1 5
1 39
1 83
0 30
0 57
0 89
0 3
0 5
0 93
0 94
0 38
1 62
0 88
0 100
0 39
1 30
0 83
0 60
1 29
0 29
0 97
1 97
0 28
1 25
0 62
0 25
1 90
0 30
1 71
1 27
0 90
0 70
1 66
0 27
0 66
1 98
1 62
1 88
0 97
1 26
0 26
1 63
1 82
1 2
0 2
0 82
0 98
1 52
1 5
0 5
1 21
0 21
1 50
1 46
1 64
1 59
0 52
0 63
1 90
0 64
0 71
0 46
1 5
1 25
0 59
0 90
0 62
0 5
0 25
0 50
0 88
1 29
0 29
1 33
0 33
1 69
1 21
0 69
0 21
1 54
1 63
1 69
1 22
0 54
0 69
1 23
0 23
1 55
1 14
1 81
0 63
0 81
1 91
1 13
0 13
1 92
1 6
1 67
0 14
0 6
0 55
0 22
0 67
1 5
1 31
1 93
0 93
1 62
0 62
1 100
1 78
0 92
0 100
0 91
0 78
0 31
1 82
1 75
1 91
1 30
0 5
0 75
0 82
0 30
1 43
1 37
0 37
0 43
0 91
1 53
1 66
1 36
0 36
1 56
0 66
0 56
0 53
1 57
1 54
0 54
0 57
1 99
0 99
1 13
1 31
1 17
1 87
1 75
0 75
1 100
0 87
0 17
1 7
1 87
1 76
0 31
1 74
0 76
0 100
1 88
0 13
0 88
1 44
1 15
0 15
1 100
1 78
0 100
0 7
0 44
1 77
1 91
0 78
0 87
0 74
1 25
1 30
0 30
1 66
0 66
1 71
0 71
1 90
0 91
0 25
0 77
0 90
1 89
0 89
1 93
1 52
0 93
0 52
1 22
0 22
1 32
1 42
1 73
1 4
1 35
0 73
1 44
0 42
0 32
0 44
0 4
0 35
1 95
1 28
0 95
1 77
0 77
1 75
1 63
0 75
0 28
1 37
0 37
1 49
1 84
1 94
1 67
1 2
1 54
0 67
1 67
0 67
0 63
0 2
0 84
1 22
0 49
1 73
0 94
0 54
1 78
1 98
1 24
1 67
0 73
0 24
0 78
1 34
1 30
1 76
0 98
0 30
1 31
0 31
1 43
1 46
1 94
1 28
0 43
0 28
1 35
0 76
0 22
1 61
0 61
1 76
1 97
0 67
1 38
1 66
1 65
1 77
0 76
0 34
0 46
1 86
1 83
0 83
1 90
0 35
0 65
1 30
0 30
0 38
1 64
1 49
0 64
0 97
0 90
0 86
0 77
0 49
1 83
1 44
0 66
1 53
0 53
1 35
1 85
0 35
0 85
1 97
0 83
1 66
1 43
0 43
0 44
0 97
1 36
1 84
1 86
0 36
1 55
1 58
0 66
1 91
0 84
0 55
1 89
0 58
0 94
1 19
1 5
1 36
0 91
0 19
0 5
1 94
0 94
0 89
0 86
1 89
1 84
1 85
1 87
1 49
0 89
0 85
0 84
0 49
1 86
0 36
0 87
0 86
1 98
1 60
0 98
1 52
0 52
1 75
0 75
0 60
1 59
1 73
0 59
1 100
1 68
0 100
0 68
0 73
1 66
0 66
1 45
0 45
1 95
1 53
0 53
0 95
1 66
0 66
1 7
1 93
1 1
1 66
1 15
0 7
1 33
0 33
1 91
1 63
1 26
0 93
0 63
0 26
1 82
0 15
0 82
0 66
0 1
0 91
1 23
0 23
1 11
1 26
0 11
1 67
0 26
1 36
0 36
0 67
1 43
1 19
0 19
0 43
1 27
1 91
0 91
1 8
1 4
0 27
1 24
1 27
1 3
0 27
0 8
1 21
0 4
1 67
1 59
0 24
1 87
0 59
0 3
1 88
1 92
0 87
0 92
0 21
0 67
0 88
1 99
1 85
0 99
0 85
1 4
0 4
1 20
1 4
0 20
1 52
0 52
1 55
0 55
0 4
1 47
1 43
1 82
1 73
1 32
1 88
1 35
0 35
0 82
0 73
1 93
0 32
1 68
0 93
1 6
0 6
0 43
0 68
0 47
0 88
1 3
0 3
1 12
1 17
0 12
0 17
1 40
1 27
0 40
1 76
0 76
1 61
0 61
1 20
0 20
0 27
1 33
0 33
1 94
0 94
1 54
0 54
1 97
0 97
1 84
0 84
1 20
0 20
1 58
1 22
1 3
1 68
0 68
1 27
0 58
0 22
1 46
0 3
0 46
1 20
1 24
0 27
0 24
1 84
1 41
0 84
0 41
0 20
1 72
1 16
0 72
0 16
1 44
1 46
0 44
1 86
1 99
0 86
0 99
1 49
0 46
1 3
1 94
0 94
0 3
0 49
1 95
0 95
1 37
1 22
1 91
0 91
0 37
0 22
1 81
0 81
1 79
0 79
1 51
0 51
1 15
0 15
1 40
1 66
0 66
1 43
0 43
0 40
1 2
1 9
1 45
1 47
0 45
1 17
0 17
1 94
0 9
0 2
0 94
0 47
1 64
0 64
1 94
0 94
1 70
1 4
1 43
0 70
0 4
1 32
0 32
1 48
1 89
0 43
1 71
0 48
0 71
1 90
0 90
1 32
0 89
0 32
1 60
1 79
1 14
1 63
1 87
0 79
1 40
0 60
1 94
0 40
1 71
0 14
0 63
0 94
0 71
0 87
1 15
1 28
0 15
0 28
1 72
0 72
1 5
0 5
1 83
0 83
1 96
0 96
1 71
1 81
1 60
1 37
1 100
1 42
0 100
1 1
1 49
0 42
1 82
0 49
1 4
0 82
1 92
0 37
1 49
1 14
1 67
0 1
1 100
1 10
1 93
1 68
0 100
0 14
0 71
0 92
1 44
1 6
0 60
0 68
1 85
1 53
1 64
0 44
1 90
0 90
1 23
0 53
0 4
1 60
1 9
0 85
1 68
1 65
0 81
0 67
1 90
1 32
1 21
0 32
1 20
0 64
1 16
0 20
1 11
1 12
1 48
1 73
0 23
1 89
0 21
1 79
0 6
1 13
1 14
0 60
1 2
1 67
1 60
1 78
0 2
0 16
0 90
1 66
1 18
1 17
0 48
0 10
0 73
1 76
1 16
0 67
0 93
1 19
1 98
1 55
0 17
0 65
0 76
1 69
1 62
0 79
1 41
1 32
1 42
0 12
0 89
1 1
0 62
1 4
0 42
0 32
0 60
0 14
1 86
0 69
0 49
1 50
1 88
0 13
0 4
1 32
0 32
1 33
0 78
1 44
1 27
1 20
1 90
0 90
0 18
0 55
0 68
0 33
0 44
1 18
0 50
1 30
0 27
1 63
1 43
1 52
1 85
1 70
1 29
0 18
0 98
0 1
1 34
1 38
1 69
1 62
1 14
1 46
0 14
1 87
0 38
0 69
1 90
0 85
0 20
1 79
0 11
1 93
1 28
0 34
0 88
0 70
1 27
0 16
1 64
0 52
0 87
0 27
1 80
1 44
1 32
1 75
0 66
0 64
1 12
1 67
1 100
1 66
1 98
1 33
1 87
1 83
1 45
0 93
0 86
1 36
1 61
1 34
1 93
0 90
0 46
0 63
0 66
0 80
1 59
0 87
0 93
1 5
1 80
1 81
0 67
0 83
0 75
1 51
0 45
0 79
1 99
1 23
1 60
0 23
0 100
1 7
1 67
1 84
0 84
1 46
1 75
0 9
0 62
1 3
1 50
1 4
0 33
1 42
0 7
0 98
0 67
0 50
0 59
0 12
0 51
1 6
1 33
1 100
1 89
1 27
0 33
1 7
0 42
0 99
0 43
0 61
1 57
0 100
0 41
1 8
1 1
1 9
0 19
0 89
1 82
1 68
1 33
1 39
0 8
0 46
1 89
1 90
1 15
1 35
1 17
1 56
1 91
0 68
0 17
0 44
0 60
0 15
0 91
1 83
1 22
1 59
1 40
1 92
0 83
0 6
1 97
1 48
0 5
0 32
1 21
1 31
1 98
1 17
0 89
0 27
1 55
0 34
1 72
1 23
1 32
1 49
1 93
1 83
1 66
0 48
0 31
1 64
0 97
0 29
1 84
1 62
0 62
1 52
0 3
0 49
1 11
0 98
1 51
0 84
0 32
1 12
1 32
0 33
0 35
1 16
1 53
0 7
1 13
0 28
0 82
1 5
0 55
1 61
0 11
0 59
0 32
1 11
1 85
0 75
1 2
1 37
0 4
1 99
