1000
1 39
0 39
1 30
0 30
1 95
0 95
1 61
0 61
1 6
1 30
0 6
1 85
0 30
1 77
0 77
1 9
0 9
1 66
0 66
1 63
1 69
0 63
1 33
1 42
0 85
1 89
0 69
1 43
0 43
1 55
0 89
1 13
0 42
0 13
1 44
1 51
1 72
0 72
0 51
1 23
0 33
1 24
1 42
1 80
0 24
1 34
0 23
1 31
0 44
0 34
0 42
0 80
0 55
1 62
0 62
0 31
1 97
1 92
1 39
0 97
1 25
0 25
1 19
0 92
1 72
0 39
1 92
0 92
1 97
1 39
0 19
0 97
1 69
1 34
0 39
0 69
1 59
1 54
1 62
0 72
0 54
1 26
0 62
1 57
0 26
0 34
0 57
1 62
1 81
0 59
1 19
1 79
1 6
1 44
0 6
1 53
0 53
0 81
0 79
0 19
1 45
1 18
0 18
0 44
0 45
1 55
0 55
1 52
1 40
0 62
0 40
0 52
1 80
1 28
0 28
1 11
1 84
1 50
0 11
1 92
0 80
0 84
1 65
0 92
0 50
0 65
1 41
0 41
1 61
0 61
1 76
1 8
0 76
1 99
0 8
1 6
0 99
1 78
1 85
1 37
0 85
1 28
1 48
1 82
1 40
1 79
1 4
0 78
0 37
0 28
1 31
1 83
1 42
0 79
1 67
0 31
1 100
0 40
1 50
1 35
0 6
1 74
1 30
0 42
0 74
1 1
0 30
0 4
1 79
1 81
1 23
0 48
0 81
0 23
1 54
1 80
0 80
0 82
0 50
1 3
0 79
0 83
1 88
1 72
0 72
0 88
0 1
1 83
1 68
1 80
1 70
0 70
0 83
1 2
1 63
1 49
0 49
0 35
0 80
1 34
0 3
1 81
1 37
0 54
1 75
0 37
0 67
1 62
1 99
0 99
0 75
1 97
0 68
1 14
1 35
1 59
1 77
1 65
0 77
0 97
0 81
1 55
1 36
1 61
0 61
0 63
0 55
0 34
1 37
0 2
0 65
0 100
0 14
1 78
1 30
1 33
1 88
1 47
1 11
0 47
1 9
0 33
1 96
0 9
1 12
1 90
1 6
1 5
1 64
0 11
0 37
0 36
1 40
0 64
0 5
0 12
0 88
1 19
0 40
1 72
0 59
1 57
0 6
1 93
0 90
0 93
1 34
1 45
1 90
0 35
0 72
1 33
1 16
0 19
0 78
1 32
0 33
1 26
0 32
0 96
1 58
1 84
1 41
1 75
1 46
0 41
1 78
1 28
1 31
0 31
1 35
0 62
0 46
1 72
0 58
0 26
1 9
0 34
1 17
0 75
1 94
1 76
1 46
1 75
0 57
0 28
0 30
0 9
0 45
1 53
0 76
0 90
0 84
0 35
0 16
0 53
1 95
0 46
1 31
0 17
1 73
0 73
0 78
1 25
0 95
1 47
0 31
0 75
0 94
0 25
0 47
1 11
0 11
0 72
1 15
1 97
1 78
0 97
1 28
0 28
1 39
1 93
1 79
1 24
1 12
0 39
1 2
1 52
1 63
1 97
1 53
0 63
1 94
0 79
0 97
1 71
0 71
1 69
1 54
1 56
0 12
0 54
1 97
1 54
1 55
1 62
0 15
0 2
1 8
0 56
1 95
1 17
0 52
1 39
0 97
0 53
0 93
1 75
0 95
1 88
1 28
1 56
0 62
0 55
0 94
0 88
0 56
0 54
0 24
0 28
1 66
0 8
1 77
1 87
0 87
1 55
0 78
1 90
1 30
0 55
1 78
0 39
0 78
0 75
1 81
0 69
1 33
0 90
1 46
1 80
1 90
1 71
0 30
1 83
1 25
0 46
0 25
0 66
0 81
0 77
1 46
0 17
0 90
1 77
1 67
0 77
0 46
1 73
0 80
0 33
0 73
1 99
1 49
0 99
0 83
1 78
1 42
1 65
1 83
1 26
0 83
1 41
0 42
1 84
0 49
0 84
0 71
1 75
1 9
1 60
1 12
0 67
1 13
1 20
1 55
0 9
1 21
0 65
0 78
1 63
0 60
0 20
0 41
1 96
1 65
1 66
1 27
0 21
1 56
1 80
1 36
0 80
0 75
1 81
0 12
0 55
0 13
1 37
0 81
1 57
0 96
0 57
1 44
0 63
0 66
0 44
1 44
1 74
0 56
1 88
1 62
0 26
0 65
0 36
1 94
1 100
0 37
1 75
1 56
1 63
1 98
1 41
0 75
1 42
1 64
0 62
0 98
1 57
0 74
0 27
0 64
0 100
0 63
0 56
0 42
0 41
1 99
1 40
0 57
0 40
0 88
0 94
0 44
0 99
1 92
1 85
1 64
0 92
0 64
1 38
1 93
1 94
0 38
0 85
1 1
0 1
0 94
0 93
1 96
0 96
1 3
1 24
0 3
0 24
1 22
1 63
0 63
0 22
1 4
0 4
1 17
0 17
1 64
1 24
0 64
1 60
1 10
0 60
0 10
1 13
1 41
1 11
1 95
0 11
1 50
1 79
0 24
0 50
0 41
0 95
1 16
0 16
0 13
0 79
1 49
1 9
1 28
1 13
1 44
1 90
1 30
0 90
1 78
1 61
0 49
1 63
0 78
0 9
1 80
1 21
0 63
0 28
1 56
0 61
1 92
0 92
0 13
0 44
1 84
1 23
1 33
0 80
1 88
0 84
1 99
1 82
0 99
0 30
1 60
0 23
1 85
0 82
1 18
1 61
0 21
1 55
0 60
0 55
1 7
1 15
0 33
1 67
0 88
0 7
1 65
0 85
0 61
1 93
1 2
1 61
1 48
0 56
0 18
0 93
1 71
1 41
1 7
0 67
0 7
1 94
1 40
1 89
0 15
1 56
0 61
0 41
1 20
1 67
1 5
1 91
0 65
1 77
1 97
0 89
1 23
1 59
0 23
0 91
1 1
0 71
1 19
0 2
1 74
1 61
1 64
0 64
0 67
0 5
1 82
1 80
0 59
1 2
0 2
1 71
0 40
1 72
1 17
0 72
0 20
1 43
1 85
0 43
0 56
0 80
1 43
1 63
0 85
0 43
1 30
1 68
0 63
1 39
1 6
1 86
1 24
1 62
0 71
0 48
1 31
1 55
0 68
0 82
1 2
0 94
0 1
1 90
1 79
1 13
0 13
0 86
0 74
0 97
1 12
1 63
0 90
1 27
1 69
1 82
0 27
0 12
0 77
0 6
1 49
0 39
0 79
1 97
0 61
0 30
0 82
0 2
1 21
0 49
0 55
0 97
1 26
0 31
0 26
0 19
0 21
0 63
0 69
0 62
1 10
1 53
0 53
1 61
0 24
0 17
1 30
1 92
1 91
1 7
0 61
1 75
0 30
1 12
0 12
1 1
0 91
0 7
1 40
1 73
0 92
1 89
0 10
1 90
0 89
1 42
0 73
0 90
1 72
0 40
1 67
0 42
0 72
0 75
1 91
1 19
0 91
1 48
0 48
1 30
1 92
1 68
1 50
1 29
0 30
0 92
1 37
0 50
1 20
0 68
1 77
1 21
0 37
0 67
0 29
1 82
0 77
1 74
0 74
0 20
0 19
1 67
0 21
1 2
1 86
1 52
1 75
1 39
1 73
1 7
0 73
0 82
1 38
0 52
0 1
1 11
0 7
0 11
1 60
1 85
0 85
1 77
0 75
0 67
0 60
0 2
1 29
0 86
1 80
1 21
1 81
1 94
1 49
1 53
0 81
1 8
1 72
1 7
1 30
1 81
0 39
1 66
1 35
1 78
0 66
1 79
1 59
1 65
1 58
1 36
0 30
0 59
1 13
0 38
0 72
1 70
1 63
0 79
0 65
0 13
0 7
1 100
0 49
1 38
1 39
0 63
0 100
1 37
1 84
1 40
1 41
0 38
1 79
1 51
0 79
0 70
0 58
1 63
1 100
1 65
1 18
1 42
0 84
0 53
1 38
0 78
1 93
0 94
0 65
1 17
0 35
0 18
0 38
1 78
0 100
1 47
1 74
0 77
0 37
1 98
1 37
1 7
0 8
0 74
0 7
0 93
1 6
1 73
0 98
1 43
1 3
1 100
1 53
0 21
1 21
1 67
1 79
1 34
1 44
1 26
0 40
0 17
1 28
0 36
0 42
0 79
1 45
1 54
1 50
0 43
0 39
0 63
1 8
0 53
1 90
1 12
1 52
0 73
1 58
1 22
0 50
1 46
1 30
1 74
1 83
1 71
0 54
0 52
1 35
0 8
1 66
1 82
0 83
0 12
0 22
0 44
0 21
0 35
0 45
1 22
0 22
0 3
0 90
1 22
0 80
1 92
0 41
1 24
0 30
0 6
1 95
1 83
0 58
0 92
1 33
0 37
1 10
1 75
0 95
0 74
0 22
1 72
1 6
1 96
1 52
1 9
0 100
0 51
0 26
1 11
1 62
0 34
0 83
1 22
1 15
1 34
0 33
1 5
