1000
1 38
1 58
1 78
1 88
0 78
0 38
0 88
1 15
1 39
0 15
0 39
1 86
0 86
0 58
1 65
0 65
1 12
1 24
1 70
0 70
0 24
1 5
0 5
0 12
1 47
0 47
1 6
1 44
0 6
0 44
1 100
1 81
1 22
0 100
0 81
1 53
0 22
1 3
1 19
0 19
0 3
0 53
1 61
0 61
1 60
1 99
0 99
1 67
1 71
1 74
0 67
1 52
1 50
1 35
0 50
1 13
1 5
1 4
1 96
1 50
0 5
0 52
1 79
0 79
0 74
0 35
1 52
1 35
1 78
1 32
1 56
1 44
1 16
1 7
1 82
0 35
0 82
0 16
1 43
1 94
0 94
0 56
1 92
1 49
0 60
0 71
1 87
0 13
0 32
1 95
0 52
0 49
0 50
0 95
0 43
1 8
0 7
1 24
0 8
1 23
1 77
0 96
0 78
1 30
1 62
0 44
1 54
1 25
0 77
1 47
0 24
1 48
0 87
0 23
1 98
1 51
0 25
1 35
0 47
0 51
1 94
0 54
1 79
0 98
0 62
1 83
1 45
0 92
0 30
0 83
0 35
0 4
1 40
1 38
0 48
0 38
1 49
0 45
0 79
0 40
1 25
0 49
0 25
0 94
1 18
0 18
1 52
1 70
1 6
0 6
0 70
0 52
1 38
0 38
1 75
1 41
0 41
0 75
1 74
0 74
1 1
0 1
1 51
1 35
0 35
1 90
1 59
0 51
0 59
1 48
0 48
0 90
1 63
1 29
1 45
0 45
0 29
1 78
1 52
0 52
0 78
0 63
1 28
1 29
0 28
1 58
1 85
1 26
0 29
1 93
1 89
0 26
1 48
1 86
1 94
0 93
0 94
1 78
1 51
0 85
1 3
0 58
1 93
1 70
1 59
0 48
1 1
0 89
1 34
0 1
0 34
1 97
1 88
1 55
1 94
1 87
0 51
1 49
0 93
0 59
1 95
0 55
1 19
1 52
0 52
1 60
0 3
1 20
1 42
1 30
0 97
0 19
0 94
0 86
1 92
1 54
0 54
1 56
1 47
1 48
0 56
0 92
0 78
1 67
0 20
0 49
0 42
0 87
0 48
0 30
0 95
0 47
0 60
0 70
0 67
1 85
0 88
1 42
0 85
1 78
1 29
1 34
1 50
0 29
0 42
0 78
0 34
1 92
0 92
0 50
1 91
1 33
1 85
0 33
1 22
0 22
1 99
1 39
1 59
0 85
1 79
0 91
0 79
1 3
1 18
0 39
0 99
1 73
0 73
0 3
1 81
1 31
0 18
1 54
0 54
0 59
0 81
0 31
1 91
0 91
1 28
0 28
1 97
1 10
0 10
1 73
0 73
1 99
1 87
1 60
0 97
1 31
1 9
0 99
1 42
0 87
0 42
1 73
0 73
1 58
1 20
1 44
1 61
0 31
0 60
0 61
0 44
1 71
0 20
1 59
0 71
0 9
0 59
1 50
0 50
1 54
1 84
1 77
1 67
0 77
0 58
0 84
1 70
0 54
1 98
0 70
0 98
1 24
1 89
0 24
1 68
1 93
0 93
0 68
0 67
0 89
1 41
0 41
1 97
0 97
1 93
1 13
0 13
1 82
1 42
1 19
0 42
0 93
1 55
1 56
1 14
1 73
0 55
0 82
1 32
0 14
1 100
0 19
0 100
0 56
1 52
0 52
0 73
0 32
1 73
0 73
1 96
1 7
1 76
0 7
1 41
1 59
0 96
0 59
1 12
1 61
1 8
0 61
1 99
0 8
0 99
1 78
0 41
1 43
0 12
1 34
0 76
1 77
1 28
0 34
1 81
1 33
0 28
0 33
0 43
0 78
0 77
0 81
1 47
1 45
1 11
0 47
0 11
0 45
1 20
1 83
1 53
0 53
0 20
1 37
0 37
0 83
1 80
0 80
1 52
1 84
1 85
0 85
0 52
1 28
0 28
1 23
1 29
1 30
1 2
0 23
1 46
0 29
1 41
1 47
0 46
1 14
0 41
1 83
0 84
0 30
1 1
0 2
0 83
0 14
0 47
1 79
0 79
0 1
1 53
0 53
1 14
0 14
1 92
0 92
1 40
0 40
1 82
1 7
1 47
1 90
1 94
1 77
1 48
0 48
0 7
0 82
0 47
1 2
0 2
0 94
1 72
1 61
0 90
0 72
0 61
0 77
1 94
1 54
0 54
1 4
0 4
1 28
0 28
0 94
1 99
0 99
1 84
1 37
0 84
1 40
0 37
1 24
1 42
0 42
0 24
1 20
0 40
1 44
1 31
0 44
0 31
1 17
0 17
0 20
1 16
0 16
1 82
1 90
0 90
1 96
1 12
1 45
1 60
1 10
0 60
1 19
1 67
1 4
1 69
0 67
1 59
1 52
1 91
0 10
1 85
1 51
0 4
1 10
1 46
0 46
1 86
0 86
0 85
0 82
1 38
1 53
0 52
0 19
0 53
0 51
1 29
0 10
1 54
0 91
0 59
1 59
1 53
1 71
1 46
1 32
0 32
1 78
0 38
0 59
1 81
1 82
0 71
1 63
0 78
1 59
0 46
0 12
1 56
0 81
0 53
0 54
1 35
1 92
0 82
1 16
0 96
0 35
1 91
0 92
1 74
0 74
1 31
1 73
1 34
0 63
1 55
1 94
0 73
1 63
1 25
0 16
0 63
0 55
1 85
0 69
1 27
0 59
0 56
1 7
0 25
1 35
0 31
0 7
0 94
0 35
1 49
1 43
1 40
0 43
0 40
0 45
0 85
0 29
1 58
1 31
1 19
0 49
0 58
0 34
1 20
0 91
0 27
1 93
0 93
0 20
1 10
1 76
1 7
0 76
1 23
1 96
0 19
0 23
1 33
1 54
0 7
0 10
0 54
0 31
1 38
1 51
1 94
0 96
1 69
1 13
0 69
0 51
0 38
1 38
0 33
1 62
1 39
1 19
1 18
1 86
0 62
0 39
0 38
0 94
0 19
1 5
1 62
0 18
1 31
0 62
0 5
0 86
1 65
0 13
1 18
0 18
0 65
1 65
0 31
1 99
1 70
0 65
1 65
0 65
1 48
0 70
1 57
1 58
0 58
0 57
1 76
0 99
0 76
0 48
1 75
1 20
1 65
1 100
0 20
0 100
1 58
0 65
0 75
1 74
0 74
0 58
1 57
1 38
0 38
0 57
1 84
1 18
0 84
0 18
1 31
0 31
1 68
0 68
1 3
0 3
1 25
0 25
1 30
1 33
1 80
0 30
0 80
0 33
1 3
1 55
1 53
1 44
1 68
0 55
0 3
1 85
1 33
0 33
1 92
1 27
1 47
1 79
1 32
0 79
1 40
1 64
1 100
1 21
1 20
0 100
1 33
0 68
0 64
1 45
0 47
0 33
0 32
0 45
1 43
1 41
1 34
1 4
0 43
0 41
1 86
1 10
1 6
0 34
0 92
0 40
0 4
0 53
1 73
1 79
0 20
0 86
1 2
1 80
1 24
0 79
0 10
0 44
1 55
1 23
0 24
1 99
0 55
1 45
1 24
1 14
1 57
1 53
1 78
1 13
1 5
0 53
1 10
0 2
0 14
0 78
0 13
0 57
0 85
1 62
1 29
0 21
1 43
0 5
1 14
1 56
1 44
1 84
0 80
1 25
0 84
1 32
0 6
0 56
0 10
1 94
0 23
1 53
1 48
1 67
1 76
0 73
0 62
0 45
1 97
1 31
0 99
1 16
1 33
1 77
0 33
1 88
1 37
0 31
0 29
1 80
1 83
0 43
1 96
1 68
0 32
1 72
0 48
1 73
0 37
0 83
0 96
0 77
0 88
1 74
1 39
0 16
1 48
1 93
0 80
0 39
0 94
1 98
0 67
1 16
1 77
1 51
0 24
0 44
0 73
1 15
0 97
0 77
0 68
1 17
0 74
0 51
0 48
1 83
0 72
1 96
1 100
1 7
0 98
1 97
1 98
1 9
0 97
0 7
1 18
1 38
1 97
0 100
0 97
0 17
0 83
1 91
0 18
0 53
1 7
1 52
1 34
1 83
0 52
0 16
0 91
0 7
0 76
0 14
1 57
0 34
1 72
0 96
0 9
0 72
0 83
1 28
0 28
1 34
0 34
1 86
0 38
1 48
1 58
0 25
0 93
1 18
0 98
1 12
1 16
1 61
0 27
0 57
0 58
1 88
1 49
0 12
0 49
1 56
0 16
0 88
1 77
0 48
1 19
1 91
0 19
0 91
1 73
1 1
0 1
0 61
1 93
0 18
0 15
1 79
0 79
1 29
0 77
1 51
0 86
1 55
1 77
0 29
0 56
0 51
1 9
0 93
1 69
1 99
1 48
1 15
0 99
1 50
0 77
1 74
1 68
0 50
0 9
1 22
0 48
1 1
1 94
0 94
0 68
1 7
0 22
1 83
1 44
1 31
0 7
0 1
0 74
1 96
1 3
1 37
